# Index   NLSS   f_NLSS   dNN    kLSS    QQLSS   Qt      Qratio   sigma           rh                Mvir_rh            Mvirl           rp                v_mean      d_mean          rs              
  1       9      1        2.53   -1.82   -5.87   -2.5    1.0      16.661771827    0.377184289289    3.44047969739E11   104.78326768    0.437023046344    34.47608    0.492515428     0.464532105289  
  2       9      1        1.01   -1.43   -4.95   -1.49   1.0      63.5012014148   0.179142787942    2.37348368983E12   979.571625342   0.29204699345     74.948      1.0706857145    1.4310875835    
  3       10     1        1.5    -1.65   -5.68   -1.26   1.0      66.4670408051   0.11847342081     1.71971569601E12   1041.61815847   0.213690279397    71.95008    1.027858286     1.45060298449   
  4       4      1        2.67   -2.21   -5.74   -2.34   1.0      45.8157858952   0.341225219914    2.35339291893E12   655.399348947   0.346132836803    52.4636     0.74948         1.07185143662   
  5       13     1        1.95   -1.21   -5.55   -3.78   0.98     20.0360363655   0.202704789682    2.67368766293E11   70.773180744    0.287312765263    23.98336    0.3426194285    0.642651738462  
  6       15     1        1.51   -0.93   -5.81   -0.92   1.0      28.99711764     0.054619995948    1.50898305673E11   132.729709616   0.137101135974    61.45736    0.8779622855    0.601619691934  
  7       9      1        1.44   -1.56   -5.12   -1.86   1.0      61.6014000926   0.338783158857    4.22402050808E12   1236.50782633   0.361417118803    119.9168    1.713097143     1.50167952478   
  8       12     1        1.36   -0.96   -5.22   -2.91   1.0      33.7700603437   0.373312105137    1.39881018223E12   418.08413349    0.440829694825    46.46776    0.663825143     0.796820640996  
  9       36     0        1.1    -0.78   -5.13   -2.12   1.0      49.5035180536   0.109418405368    8.81019554751E11   574.786801905   0.125794147985    103.42824   1.477546286     1.09828528432   
  10      12     1        1.5    -1.14   -4.62   -0.27   1.0      83.655756579    0.126058709131    2.89859512226E12   1488.82923306   0.231181862928    101.92928   1.4561325715    1.94246652686   
  11      9      1        1.06   -1.36   -4.95   -1.18   1.0      14.7545861168   0.118441501862    8.4719036446E10    60.9212282091   0.131987990046    25.48232    0.364033142     0.354552610593  
  12      13     1        1.43   -0.99   -4.39   -0.84   1.0      49.2202916779   0.126701179853    1.00853753004E12   657.696502045   0.142561509007    58.45944    0.835134857     1.13966298803   
  13      15     1        1.46   -1.15   -5.62   -2.45   1.0      9.89263128811   0.296526721928    9.53477657158E10   36.6635430325   0.326793830145    11.99168    0.171309714     0.318458381798  
  14      32     1        1.95   -1.45   -5.41   -1.24   1.0      59.9750527984   0.117071870272    1.38362013452E12   758.954890559   0.220246381074    109.42408   1.5632011425    1.43701859382   
  15      10     0        1.22   -1.79   -5.04   -2.19   1.0      25.9435099918   0.202964687194    4.48849751075E11   208.09335652    0.226563948087    43.46984    0.6209977145    0.617017192695  
  16      17     0        2.01   -1.25   -5.94   -1.56   1.0      18.5343775737   0.144383717876    1.62966099702E11   84.9399657421   0.246715151314    23.98336    0.3426194286    0.410242054543  
  17      32     1        1.13   -1.47   -4.4    0.63    1.0      97.4311188302   0.069621984104    2.17152490228E12   2601.8913166    0.0964754747483   118.41784   1.6916834285    2.25990498133   
  18      24     1        1.9    -1.46   -4.49   -1.42   1.0      47.7371629194   0.119639751699    8.95801430097E11   430.506151478   0.160467605979    53.96256    0.7708937145    1.07432906054   
  19      19     1        1.75   -1.73   -6.0    0.1     1.0      56.8990859777   0.0370328000796   3.93931009956E11   568.653403975   0.0879896293826   118.41784   1.6916834285    1.2564205491    
  20      21     0        2.15   -1.38   -4.94   -2.32   1.0      31.1873348476   0.299804755256    9.58115976869E11   321.598418644   0.302428067229    37.474      0.535342857     0.745530246191  
  21      8      1        1.52   -1.53   -5.27   -0.81   1.0      19.785262574    0.159281656196    2.04867203004E11   98.7696195222   0.260098819208    38.97296    0.556756571     0.464140428755  
  22      25     0        1.09   -0.66   -5.61   -2.96   1.0      22.6117286556   0.215004464432    3.61191937266E11   146.979665637   0.230949483882    23.98336    0.3426194286    0.527162425769  
  23      3      1        1.79   -2.31   -6.77   -2.52   1.0      50.0052896241   0.258159438246    2.12101109472E12   670.956552343   0.285971475692    56.96048    0.813721143     1.20450124662   
  24      47     1        1.09   -0.37   -3.81   -0.35   1.0      55.079839933    0.12560293822     1.252011093E12     699.816326485   0.197599522732    67.4532     0.9636171425    1.32206782595   
  25      18     1        1.21   -1.0    -6.58   -3.21   1.0      56.4586157679   0.155084626886    1.62424762552E12   608.305459911   0.206339774878    65.95424    0.94220342855   1.28857432332   
  26      7      1        1.1    -1.12   -4.68   -2.17   1.0      76.719162013    0.323539781931    6.25688868053E12   1974.99822826   0.325227110985    92.93552    1.3276502855    1.7983108734    
  27      11     1        1.28   -0.95   -4.3    -2.69   0.98     86.0680967175   0.440562359702    1.07229634815E13   2794.66858882   0.469511061098    100.43032   1.4347188575    1.95908836388   
  28      19     1        1.14   -1.37   -4.51   -2.66   0.99     57.5621458518   0.293099427923    3.19089093939E12   792.832535551   0.331637294745    107.92512   1.5417874285    1.40436145101   
  29      6      1        2.48   -1.8    -5.28   -0.82   1.0      77.766350421    0.15574448692     3.09470429156E12   1444.32683483   0.268500761665    83.94176    1.199168        1.60843000428   
  30      7      1        2.5    -1.77   -5.56   -0.72   1.0      31.8212885881   0.0720559002807   2.39733161124E11   360.419096807   0.0764124666355   34.47608    0.4925154285    0.674706398932  
  31      3      1        1.18   -1.88   -5.41   -2.74   1.0      36.744059065    0.412350645877    1.82921173598E12   467.276529894   0.417500080155    38.97296    0.5567565715    0.899521538451  
  32      30     1        1.11   -1.04   -5.23   -2.61   1.0      20.8182226738   0.166457746489    2.3703602124E11    94.9325748091   0.199760148589    28.48024    0.40686057145   0.537367753257  
  33      10     1        1.82   -1.3    -6.1    -0.51   1.0      26.9627679705   0.0772196188603   1.84450416983E11   186.595792795   0.106919209536    47.96672    0.68523885715   0.649457750941  
  34      7      0        1.63   -1.33   -5.4    -2.19   1.0      29.7786679832   0.323173308396    9.41605655565E11   314.033097233   0.398058294509    32.97712    0.471101714     0.795669271294  
  35      10     1        1.04   -1.6    -4.26   -0.06   1.0      57.5274384947   0.0968560336536   1.0531731845E12    601.903780642   0.205516010566    106.42616   1.5203737135    1.34264603809   
  36      6      1        1.68   -1.82   -4.91   -1.35   1.0      48.8945955174   0.150563417543    1.18267173709E12   640.569749213   0.165451405597    53.96256    0.7708937145    1.08997715657   
  37      6      1        1.67   -1.73   -5.24   0.11    1.0      61.2600254094   0.0691088770906   8.521405272E11     384.949233367   0.294803457969    74.948      1.0706857145    1.49349195028   
  38      3      1        1.71   -2.17   -5.09   -1.11   1.0      27.2574517824   0.101937714366    2.48844723021E11   203.303597598   0.112125342179    32.97712    0.4711017145    0.634178033717  
  39      18     1        1.04   -1.13   -4.72   -0.58   1.0      101.349601338   0.163176711914    5.50712971502E12   3020.13745886   0.220055183083    122.91472   1.7559245715    2.34315036578   
  40      2      1        3.34   -2.36   -5.52   -0.96   1.0      24.5186768821   0.188374289437    3.72082056388E11   227.461371984   0.199160212032    34.47608    0.492515428     0.576561471264  
  41      6      1        1.18   -2.01   -5.11   -0.25   1.0      92.3372337918   0.116887299627    3.27449313549E12   2358.13035752   0.15984914435     109.42408   1.563201143     2.09899098278   
  42      6      1        2.62   -1.92   -5.93   -1.65   1.0      54.5332186677   0.154890021421    1.51345231357E12   1123.08283349   0.179451439977    115.41992   1.648856        1.15661650965   
  43      6      1        1.48   -1.68   -5.1    -1.87   1.0      63.8931394739   0.0841074383151   1.12814754126E12   510.490169139   0.1598772004      92.93552    1.327650286     1.44797428195   
  44      12     1        1.11   -1.24   -4.33   -1.44   1.0      12.9524947705   0.148748879879    8.19942870859E10   49.5799793345   0.176949486664    26.98128    0.3854468575    0.305715184372  
  45      28     1        2.26   -1.21   -3.32   1.56    1.0      51.9447256759   0.0326337740468   2.89316535062E11   703.344445907   0.0449400079074   109.42408   1.5632011425    1.11763734253   
  46      76     1        1.11   -0.83   -3.99   -2.8    0.94     26.8514277788   0.50807732759     1.20361508275E12   284.07061658    0.564793155006    55.46152    0.7923074285    0.765437730597  
  47      16     0        1.5    -1.79   -6.29   -3.48   1.0      54.7525220401   0.28320643672     2.78955170793E12   893.438250169   0.288414045418    115.41992   1.648856        1.25465198981   
  48      1      1        1.39   0.0     -6.33   -2.87   1.0      115.358257987   0.160386786061    7.01276041838E12   2579.99096269   0.21109681225     140.90224   2.0128891425    2.70458099681   
  49      4      1        2.07   -1.79   -5.76   -2.42   1.0      31.1873348472   0.33215495822     1.061500749E12     334.338063862   0.416026369789    65.95424    0.9422034285    0.712393424604  
  50      5      1        1.4    -1.61   -4.99   -1.38   1.0      28.8590353428   0.142727108511    3.9056482429E11    298.434507891   0.153215440132    58.45944    0.835134857     0.679913859979  
  51      18     1        1.31   -1.2    -4.33   -0.52   1.0      49.4631564339   0.122158482111    9.81997360447E11   924.580947627   0.129117907406    59.9584     0.8565485715    1.1475525672    
  52      32     1        1.36   -1.12   -4.44   0.51    1.0      29.2030169198   0.0711748213098   1.99436601302E11   168.407759628   0.15686034341     34.47608    0.4925154285    0.697696734439  
  53      13     1        1.13   -1.48   -5.56   -0.09   1.0      60.6703429901   0.0716933433202   8.67071223052E11   405.253131915   0.283164048401    73.44904    1.049272        1.46417399515   
  54      29     1        1.09   -1.12   -3.96   -1.76   0.99     32.5963970117   0.123993159799    4.3287246761E11    138.951968734   0.226488065265    65.95424    0.9422034285    0.829077285889  
  55      24     1        1.22   -1.08   -5.52   -3.33   0.99     65.4221583791   0.144847227738    2.03696216604E12   906.543256893   0.178397799223    82.4428     1.1777542855    1.42728120332   
  56      7      1        2.12   -1.54   -5.51   -2.01   1.0      54.1288548792   0.235448106767    2.26660540732E12   786.020735133   0.313756731995    112.422     1.6060285715    1.20961460996   
  57      15     1        1.07   -0.97   -4.65   -1.02   1.0      45.3337316936   0.0845460400179   5.70898957045E11   722.45559902    0.0933040375025   85.44072    1.220581715     1.06170240893   
  58      11     1        1.5    -0.87   -4.83   -2.77   0.99     58.9675614258   0.214458998278    2.45015550185E12   655.409690337   0.288132287707    73.44904    1.049272        1.33649069082   
  59      18     1        1.07   -0.61   -4.18   -1.56   1.0      76.7191620132   0.167289509859    3.23518744548E12   1560.43835637   0.178462070377    92.93552    1.327650286     1.78378874542   
  60      16     1        1.6    -1.53   -7.23   -0.61   1.0      11.2171895129   0.0808173855608   3.34114982133E10   25.1252547072   0.171606435298    13.49064    0.1927234286    0.353162749526  
  61      28     1        1.13   -0.78   -4.62   -1.59   1.0      38.2357244439   0.23145031261     1.11178153493E12   410.683966049   0.282374116486    80.94384    1.1563405715    0.830684547826  
  62      29     1        1.12   -0.92   -4.11   -1.47   1.0      25.9435099914   0.0708434877774   1.56668050452E11   234.996392451   0.0740790911409   31.47816    0.449688        0.602422105835  
  63      10     1        1.65   -1.79   -6.01   -2.44   1.0      49.037353764    0.252911389336    1.99823001554E12   810.633801554   0.327449359771    92.93552    1.3276502855    1.19979905393   
  64      32     1        1.11   -0.78   -4.64   -2.82   0.99     113.929725511   0.117509818906    5.01154111804E12   2718.3440896    0.145703220034    139.40328   1.9914754285    2.66351064348   
  65      16     1        1.84   -0.93   -5.11   -2.21   1.0      9.79116572188   0.288082086934    9.0741947552E10    33.4922517759   0.361116780434    11.99168    0.171309714     0.288491324391  
  66      3      1        2.93   -1.96   -6.63   -0.19   1.0      34.99000623     0.0690421555341   2.77731679442E11   179.181411145   0.205891678691    55.46152    0.7923074285    0.800022748895  
  67      8      1        2.5    -1.91   -6.71   -2.38   1.0      36.7440590653   0.141828634459    6.29160170468E11   391.378401364   0.165463009983    38.97296    0.5567565715    0.835211229265  
  68      9      1        2.71   -1.66   -5.38   -2.3    1.0      49.9453432008   0.270670941729    2.21847570145E12   735.9580041     0.28367601889     59.9584     0.8565485715    1.16950261691   
  69      15     1        1.05   -1.16   -6.16   -1.43   1.0      50.005289624    0.111078149962    9.12606527388E11   930.96653146    0.128919603123    56.96048    0.81372114285   1.08963676562   
  70      11     1        1.57   -1.38   -6.22   -0.73   1.0      42.4675940944   0.0664506344116   3.93765339861E11   343.704836295   0.152189208081    50.96464    0.7280662857    0.995805513515  
  71      30     1        1.28   -0.43   -4.27   0.04    1.0      34.9900062306   0.0233680448327   9.40012125443E10   137.197059801   0.085411441417    41.97088    0.599584        0.81203804404   
  72      20     1        1.29   -1.14   -4.37   -2.2    0.99     35.3025500479   0.379278120709    1.55307698552E12   465.219566027   0.42293087767     41.97088    0.599584        0.853065823748  
  73      58     1        1.27   -1.23   -4.93   -2.8    0.99     53.8699521404   0.237951808615    2.26884709536E12   938.658504462   0.242809543172    65.95424    0.9422034286    1.27384554147   
  74      16     1        1.45   -1.27   -4.44   -0.85   1.0      66.2412945147   0.155511468026    2.24203858303E12   1196.3415811    0.181022154835    104.9272    1.49896         1.5176241104    
  75      17     1        2.45   -1.71   -5.12   2.05    1.0      29.6105205747   0.0165171065982   4.75827015528E10   66.7968146759   0.0949040919342   34.47608    0.4925154285    0.656728887375  
  76      16     1        1.17   -1.42   -4.76   -2.34   1.0      21.339350956    0.202569917838    3.03082180422E11   155.846392592   0.215352108671    26.98128    0.385446858     0.496287522869  
  77      12     1        1.6    -1.28   -4.27   -1.42   1.0      49.4631564336   0.158011528402    1.27020982192E12   864.472487994   0.165218518251    59.9584     0.8565485715    1.14958385068   
  78      12     1        1.48   -1.9    -5.8    -1.93   1.0      36.7440590653   0.179647578699    7.96927233131E11   349.604582629   0.241486074601    68.95216    0.985030857     0.862796124703  
  79      10     0        1.19   -0.97   -5.17   -2.85   1.0      49.463156434    0.284212285374    2.28470188253E12   812.078666096   0.28744101116     82.4428     1.17775428575   1.17261410132   
  80      37     0        1.06   -0.54   -4.36   -2.54   0.98     64.7624738485   0.172917652392    2.3829187222E12    854.232165079   0.218774957448    89.9376     1.2848228572    1.46459515888   
  81      12     1        2.01   -1.71   -5.32   -1.56   1.0      59.8083161592   0.234277995258    2.75345313446E12   1299.09670569   0.278132139772    125.91264   1.7987520005    1.3387169267    
  82      23     1        1.11   -0.74   -4.04   -1.67   1.0      45.3337316938   0.254288751657    1.71709027507E12   571.883371265   0.275587262612    94.43448    1.349064        1.10250657473   
  83      17     1        1.27   -1.02   -5.16   -2.32   1.0      21.9392766145   0.20661597347     3.2676199607E11    120.879917894   0.331775838085    25.48232    0.364033143     0.679259569565  
  84      26     1        1.12   -0.43   -4.24   -1.93   1.0      72.1164387885   0.18463536897     3.15505171712E12   1703.01919101   0.186312465956    86.93968    1.2419954285    1.66574657292   
  85      25     1        1.11   -1.17   -4.82   -2.8    0.99     41.6364453471   0.362972550847    2.06749330889E12   675.010485576   0.39628358701     86.93968    1.241995429     0.986559509057  
  86      17     1        1.05   -1.28   -3.92   -0.46   1.0      21.7564461219   0.0768110471929   1.19460034562E11   185.82447403    0.0852434483204   44.9688     0.6424114285    0.490858298136  
  87      14     1        2.28   -1.61   -5.9    -1.88   1.0      41.4200257425   0.191468247637    1.07929590769E12   581.214388321   0.234731237783    64.45528    0.9207897145    0.984864517704  
  88      58     1        1.09   -0.55   -4.72   -2.47   0.99     32.8709620609   0.228736840958    8.12052276094E11   298.431471178   0.255884855615    43.46984    0.620997714     0.841425825108  
  89      17     1        1.01   -0.92   -5.17   -2.74   1.0      37.1494857428   0.103943062221    4.71328996396E11   187.529130662   0.183503156961    73.44904    1.0492719995    0.898186093305  
  90      11     1        1.02   -1.25   -4.89   -2.19   1.0      56.934176382    0.255583627319    2.72208795164E12   963.529917873   0.263697869813    112.422     1.606028571     1.33709254781   
  91      19     1        1.08   -1.32   -4.83   -2.54   0.99     99.5602366318   0.345364536702    1.12479303849E13   3815.16912941   0.373354019494    121.41576   1.734510857     2.33601595685   
  92      27     1        1.16   -0.87   -5.15   -3.5    0.98     72.2409564738   0.382997321053    6.56728327943E12   2009.20237974   0.422271128154    152.89392   2.184198857     1.58120152076   
  93      38     1        1.13   -0.77   -4.83   -0.85   1.0      35.6683893539   0.143150016928    5.98386021981E11   376.265898951   0.193482199354    40.47192    0.5781702855    0.77821685753   
  94      10     1        1.1    -1.21   -4.57   -1.86   1.0      47.2324386481   0.273289979155    2.0032146362E12    861.525305019   0.300433342311    97.4324     1.3918914285    1.08490241975   
  95      34     1        1.02   -0.8    -3.11   -2.06   0.92     57.4231905588   0.280974063133    3.04413500442E12   824.710702245   0.30949749844     83.94176    1.1991679995    1.35128419559   
  96      57     1        1.11   -0.74   -4.48   -2.65   0.99     22.2107006677   0.385170854318    6.24310981471E11   188.475031658   0.4396434083      46.46776    0.663825143     0.653369945665  
  97      6      1        1.38   -1.52   -5.18   -3.13   0.99     31.1873348476   0.400210982736    1.27899417856E12   338.908223405   0.416347243164    65.95424    0.9422034285    0.768518644359  
  98      16     1        1.28   -1.46   -4.29   -2.18   0.99     69.2916677387   0.355907276843    5.61464025367E12   1537.82023561   0.357307304457    74.948      1.0706857145    1.5561503466    
  99      68     1        1.0    -0.35   -4.31   -2.81   0.97     94.2638091601   0.222771534815    6.50388280117E12   3386.95548223   0.253937566444    115.41992   1.648856        2.21169864029   
  100     26     1        1.49   -0.8    -4.62   -1.69   1.0      31.2513089354   0.133047663124    4.26939870546E11   261.317203086   0.143600479512    49.46568    0.706652572     0.747412257192  
  101     20     1        1.02   -1.33   -4.36   -1.6    1.0      33.413324349    0.108028001462    3.96276896878E11   354.795553807   0.109480583114    40.47192    0.578170286     0.783022169763  
  102     7      1        2.12   -1.57   -5.89   -2.35   1.0      46.850327247    0.234160147415    1.68873412419E12   623.57569857    0.279507310942    70.45112    1.0064445715    1.14690620302   
  103     18     1        1.26   -1.36   -5.12   -2.2    1.0      40.2957325485   0.135092947975    7.20732039198E11   314.875502518   0.17780223585     44.9688     0.642411429     0.922796768016  
  104     11     1        3.5    -1.96   -5.6    -1.04   1.0      55.441260084    0.0931936195923   9.4118588123E11    955.216269047   0.0942391184416   107.92512   1.541787429     1.28830689668   
  105     51     1        1.09   -0.76   -4.37   -1.46   1.0      48.2986735802   0.227365617991    1.74268237347E12   832.945148839   0.275218260865    59.9584     0.856548571     1.09770645912   
  106     61     1        1.15   -0.75   -5.03   -3.5    0.97     23.3504420187   0.072626684383    1.30109638096E11   38.6479271684   0.233862232363    28.48024    0.40686057145   0.641375687572  
  107     7      1        1.49   -1.73   -5.33   -1.71   1.0      122.422204363   0.238014572369    1.17205226043E13   5521.7390336    0.279518815821    149.896     2.1413714285    2.8597782294    
  108     6      1        1.08   -1.88   -4.98   -2.44   1.0      65.0547872478   0.33341506109     4.63624923503E12   1473.64227062   0.349794113378    79.44488    1.134926857     1.53666041611   
  109     70     1        1.16   -0.51   -4.84   -2.46   1.0      49.5236865276   0.162573470512    1.31008250685E12   629.127850857   0.176668346002    104.9272    1.49896         1.08977356804   
  110     6      1        1.48   -1.73   -4.41   -2.22   0.99     41.7083356681   0.466559029092    2.66670734791E12   663.805797082   0.509253007677    44.9688     0.6424114285    0.993526789087  
  111     28     1        1.08   -0.93   -5.87   -2.63   1.0      30.8007000462   0.175334081748    5.46525659334E11   373.464927725   0.194773136334    59.9584     0.856548571     0.73180397492   
  112     18     1        1.0    -1.13   -4.52   -1.77   1.0      38.7287741702   0.21055112349     1.03764334288E12   518.126406483   0.24276676033     77.94592    1.1135131425    0.897548282045  
  113     13     1        1.42   -1.26   -4.4    -2.23   0.99     43.8102242699   0.321152458119    2.02528078417E12   554.988083822   0.33138394945     92.93552    1.327650286     1.01820293512   
  114     19     1        1.54   -1.18   -4.74   -1.84   1.0      70.4776922942   0.295715873227    4.82615233628E12   1568.23419494   0.36792351383     79.44488    1.134926857     1.62318581416   
  115     34     1        1.69   -1.4    -4.29   -0.61   1.0      43.8102242699   0.153782797578    9.69799037795E11   642.177208239   0.177605284702    46.46776    0.663825143     0.963762124518  
  116     24     1        1.15   -1.22   -4.43   -0.83   1.0      42.1371019572   0.141175537963    8.23591425163E11   396.594988656   0.256138352898    49.46568    0.7066525715    1.02443302068   
  117     8      1        1.19   -1.68   -4.89   -2.32   1.0      21.3393509564   0.380738855448    5.69655967262E11   166.792298822   0.422444903598    23.98336    0.3426194285    0.556050666689  
  118     30     1        1.09   -0.67   -4.32   -1.36   1.0      15.737097124    0.143295623073    1.16601789159E11   59.9861113714   0.212191112276    17.98752    0.2569645715    0.355288445124  
  119     30     1        1.52   -1.46   -6.75   -3.71   1.0      73.6510029659   0.229821717176    4.09610833905E12   1600.33515915   0.247073830598    80.94384    1.1563405714    1.57116686126   
  120     51     1        1.0    -0.69   -4.18   -0.64   1.0      55.6749250447   0.13400438303     1.36477583589E12   642.793423231   0.277943597885    65.95424    0.942203429     1.32328633122   
  121     33     1        1.31   -1.15   -4.55   -2.41   0.99     48.2158994425   0.309626167991    2.36505498558E12   713.849377336   0.328491524271    71.95008    1.027858286     1.11826842265   
  122     70     1        1.16   -0.61   -4.57   -1.65   1.0      43.81022427     0.205857566162    1.29819767056E12   585.490362484   0.242404096405    46.46776    0.663825143     1.01585964729   
  123     6      1        1.11   -1.88   -5.4    -2.59   1.0      35.3025500488   0.175833237452    7.20006083872E11   309.149871855   0.197445814436    71.95008    1.0278582855    0.86280173293   
  124     2      1        3.31   -2.68   -7.35   -0.89   1.0      21.9392766145   0.114705463849    1.81406043772E11   144.509558459   0.166304349798    46.46776    0.6638251435    0.468623029087  
  125     52     1        1.02   -1.23   -6.0    -0.97   1.0      47.0417709268   0.0489780212789   3.56116092952E11   615.279572873   0.054141774235    92.93552    1.3276502857    1.08832449175   
  126     51     1        1.46   -0.93   -5.16   -2.05   1.0      50.1846992521   0.192493438958    1.59287472804E12   694.00253573    0.293564702196    53.96256    0.7708937143    1.05065842717   
  127     4      1        2.42   -2.12   -6.09   -1.59   1.0      30.5729051607   0.133734142766    4.10713289229E11   282.59476771    0.156515674605    35.97504    0.513929143     0.725773369962  
  128     8      1        2.17   -1.39   -5.35   -1.19   1.0      31.8526550716   0.188530479338    6.28486405397E11   269.187583233   0.285319531519    59.9584     0.8565485715    0.838583326166  
  129     26     1        1.16   -1.2    -4.3    -0.78   1.0      26.9257057318   0.145436041189    3.46440992052E11   253.666616023   0.180615465235    49.46568    0.706652572     0.634724531409  
  130     24     1        1.45   -0.98   -4.78   -0.34   1.0      62.4546680214   0.0846088335712   1.08434768132E12   654.669708516   0.216718841279    116.91888   1.6702697145    1.45658878413   
  131     35     1        1.08   -0.95   -4.3    -0.77   1.0      24.7618432638   0.128528458542    2.58933521933E11   178.297022367   0.157131353285    26.98128    0.3854468575    0.531337703364  
  132     4      1        1.58   -1.75   -6.76   -3.04   1.0      66.6021213024   0.0649345668173   9.46400825045E11   531.930977982   0.128147063809    73.44904    1.049272        1.43010883778   
  133     7      1        2.27   -1.93   -4.79   1.62    1.0      62.6143580496   0.0446246147124   5.74837885322E11   731.1514898     0.10479141665     70.45112    1.0064445715    1.35695539337   
  134     34     1        1.37   -0.87   -6.3    -3.78   1.0      58.7639904107   0.211004129838    2.39406839174E12   1157.13964896   0.211929370678    92.93552    1.3276502855    1.35893172045   
  135     15     1        1.58   -1.41   -5.26   -2.93   1.0      72.9836014739   0.369827593804    6.47251300282E12   2052.07113523   0.401848470853    86.93968    1.2419954285    1.69921402437   
  136     3      1        1.16   -2.15   -5.79   -2.44   1.0      53.0103694825   0.166411796208    1.53648671562E12   756.891143835   0.182547679726    64.45528    0.920789714     1.2606633976    
  137     3      1        2.26   -2.11   -5.6    -1.87   1.0      40.8861776731   0.272858964473    1.49869855512E12   632.788417534   0.314076553267    49.46568    0.7066525715    0.991971015663  
  138     12     1        1.23   -1.8    -4.94   -2.41   1.0      58.8149492218   0.255871072873    2.90816927539E12   965.498096342   0.269080955106    104.9272    1.4989600005    1.42005169786   
  139     28     1        1.16   -0.67   -4.78   -2.4    1.0      34.2982080133   0.188038847788    7.26797592685E11   352.610912977   0.236397456327    50.96464    0.728066286     0.844254456624  
  140     18     1        1.04   -0.73   -3.73   -0.34   1.0      26.1734421958   0.102083482163    2.29773637663E11   253.831490217   0.114946959971    31.47816    0.449688        0.611884879303  
  141     37     1        1.02   -1.19   -4.83   -2.27   1.0      59.3557877208   0.214694147477    2.48524604085E12   1095.89795631   0.242683800057    62.95632    0.899376        1.24960967595   
  142     13     1        1.66   -1.59   -4.61   0.01    1.0      25.9435099924   0.0460802561662   1.01904975671E11   145.035152059   0.0562458315238   31.47816    0.449688        0.602632939953  
  143     16     1        1.07   -1.29   -4.86   0.96    1.0      18.5343775739   0.0373699190981   4.2179478762E10    19.9228333698   0.278103603426    38.97296    0.5567565715    0.400168324098  
  144     5      1        1.07   -1.86   -5.37   -0.03   1.0      31.9465697371   0.0865657346462   2.90280273232E11   302.252065882   0.127751140728    37.474      0.535342857     0.715749379227  
  145     11     1        1.42   -2.05   -5.69   -1.53   1.0      65.7267324576   0.157464396206    2.23506159255E12   1168.55536436   0.169705314827    139.40328   1.991475429     1.3811698866    
  146     25     1        1.06   -0.82   -4.53   -2.37   0.99     56.2992028876   0.188569165221    1.96380431183E12   1167.61856567   0.221013187455    103.42824   1.4775462855    1.33257032058   
  147     14     1        1.14   -0.97   -4.48   -2.64   0.99     19.7852625732   0.424317565587    5.45754953312E11   151.7592532     0.460825429908    32.97712    0.471101715     0.594789509521  
  148     10     1        1.35   -1.5    -5.13   -2.42   1.0      44.5336618155   0.340753441173    2.2204454223E12    731.370296483   0.401499595656    47.96672    0.685238857     0.985793867808  
  149     29     1        1.36   -0.65   -5.82   -3.37   1.0      47.3591240033   0.309850294134    2.28340145272E12   686.648322649   0.321728787237    50.96464    0.72806628575   1.13113746659   
  150     39     1        1.04   -0.7    -4.44   -2.06   1.0      60.1745269173   0.224772364592    2.67418422427E12   984.169459463   0.253894704345    86.93968    1.2419954285    1.41382106455   
  151     10     1        2.81   -1.78   -4.82   0.58    1.0      63.7836395827   0.12233611339     1.63529576442E12   702.457854211   0.302091421712    77.94592    1.113513143     1.4856438061    
  152     43     1        1.02   -0.53   -5.21   -2.41   1.0      43.028246667    0.114630932963    6.9732007023E11    336.41928242    0.243496440436    89.9376     1.2848228572    0.944420175799  
  153     39     1        1.12   -0.57   -4.49   -1.95   1.0      33.9470225739   0.29179278883     1.10484402682E12   358.293872193   0.344099363093    40.47192    0.5781702855    0.905554039713  
  154     13     1        1.72   -1.41   -6.65   -2.88   1.0      22.2107006675   0.225415550383    3.65368775749E11   151.322617889   0.244404779555    43.46984    0.6209977142    0.615137788594  
  155     10     1        2.19   -1.65   -6.83   -2.31   1.0      21.3393509553   0.170838624709    2.55606278692E11   124.094491037   0.19863165992     23.98336    0.3426194285    0.575477831694  
  156     16     1        1.17   -0.4    -5.75   -3.53   0.99     56.7409106068   0.193049479487    2.04213418998E12   1226.47400886   0.220831588389    119.9168    1.713097143     1.23769850088   
  157     17     1        1.0    -1.24   -4.69   -2.59   0.99     25.7115216364   0.230936560074    5.01615895511E11   161.550687555   0.258106371279    31.47816    0.449688        0.691561754519  
  158     37     1        1.0    -0.8    -4.27   -1.47   1.0      45.4876667096   0.187374451783    1.27385716629E12   575.534816642   0.277299616998    50.96464    0.728066286     1.07185244872   
  159     12     1        1.27   -1.31   -5.12   -2.54   1.0      7.4781263419    0.257535287715    4.73200701971E10   17.9519205169   0.312061356151    11.99168    0.171309714     0.234777389197  
  160     9      1        1.57   -1.4    -5.47   -1.98   1.0      17.7077592481   0.252942936343    2.60599040432E11   122.120351739   0.276911996642    37.474      0.535342857     0.461338581056  
  161     27     1        1.72   -0.94   -4.76   -2.39   1.0      44.5336618162   0.120208529083    7.83312641578E11   403.560814349   0.152244727514    47.96672    0.685238857     0.981349710906  
  162     8      1        1.11   -1.44   -4.56   -1.02   1.0      54.1288548775   0.0769812452093   7.41080950021E11   1053.51984165   0.0787014947323   62.95632    0.899376        1.20263110167   
  163     24     1        1.55   -0.78   -5.29   -1.24   1.0      37.9473466778   0.14047111815     6.64619237975E11   309.392754942   0.268312199155    79.44488    1.1349268575    0.832136614955  
  164     31     1        1.02   -0.21   -4.64   -3.21   0.96     61.5851870641   0.220208122218    2.7441566683E12    1241.38100081   0.221349381227    71.95008    1.027858286     1.34341222014   
  165     13     1        1.06   -1.52   -4.54   -0.71   1.0      27.8015663612   0.114316252259    2.90315047885E11   265.096264018   0.119368842282    31.47816    0.449688        0.61157878705   
  166     20     1        1.83   -1.19   -4.78   -1.89   1.0      77.4188614737   0.309184072725    6.08882809778E12   2341.17740409   0.339965016801    91.43656    1.3062365715    1.76563507996   
  167     6      1        1.29   -0.98   -4.63   -1.62   1.0      65.9996473997   0.244589954816    3.50061932855E12   1272.86475324   0.353580402669    73.44904    1.049272        1.51562043979   
  168     115    1        1.04   -0.75   -4.69   -3.92   0.86     35.4155184974   0.179945477311    7.41568345787E11   253.670002629   0.228810272095    41.97088    0.59958399995   0.839288052237  
  169     22     1        1.57   -0.93   -4.55   -2.89   0.98     20.0360363666   0.434114074014    5.72598923758E11   151.263343761   0.457762888877    23.98336    0.3426194285    0.614645076597  
  170     5      1        1.07   -1.9    -4.91   -2.3    1.0      57.4231905593   0.303921639763    3.29275411368E12   1250.25261921   0.347001464158    68.95216    0.985030857     1.33361089684   
  171     7      1        2.43   -1.9    -5.27   -1.19   1.0      36.7440590646   0.16135199958     7.15766967262E11   454.222084661   0.173333698625    65.95424    0.9422034285    0.865040491814  
  172     9      1        2.34   -1.84   -5.29   -0.19   1.0      84.6643369853   0.0877226427399   2.06602593585E12   2471.04454646   0.109511630967    101.92928   1.4561325715    1.94234483816   
  173     88     1        1.11   -0.62   -4.42   -3.9    0.77     64.9011022068   0.188377871237    2.60709627186E12   594.988736902   0.32145820931     116.91888   1.670269714     1.58302481694   
  174     18     1        1.38   -1.8    -5.55   -1.63   1.0      60.3733419752   0.136599932169    1.63592713655E12   1171.82321158   0.172813255347    67.4532     0.963617143     1.29051506564   
  175     9      1        1.25   -1.66   -4.86   -1.33   1.0      45.7285176512   0.158699447128    1.09036700092E12   725.434658565   0.162831776726    76.44696    1.0920994285    1.06552866495   
  176     54     1        1.07   -0.43   -4.39   -1.55   1.0      19.4287421553   0.103226503675    1.28027606415E11   113.995830673   0.10455727478     40.47192    0.5781702855    0.45109102442   
  177     16     1        1.05   -1.4    -4.25   -2.7    0.97     64.499807358    0.14111033916     1.92885112926E12   556.791536855   0.252532555622    97.4324     1.3918914285    1.50039456948   
  178     38     1        1.09   -1.0    -4.65   0.59    1.0      35.6683893538   0.0308493508208   1.28954370488E11   260.679394219   0.0649468963397   52.4636     0.74948         0.805794117099  
  179     11     1        2.01   -1.42   -5.54   -2.73   1.0      42.842177702    0.131413815937    7.92514362835E11   245.840517912   0.234984369591    77.94592    1.113513143     1.0608133155    
  180     22     1        1.33   -0.88   -4.51   -2.21   0.99     54.3130298063   0.238814646479    2.3146858558E12    847.004099856   0.270751911482    91.43656    1.306236571     1.26816078918   
  181     30     1        1.86   -1.3    -5.04   -2.95   0.99     59.2716070126   0.343522636445    3.96526122915E12   1354.03782589   0.381522725946    77.94592    1.113513143     1.35387316251   
  182     36     1        1.4    -0.87   -4.81   -3.22   0.97     64.8703215066   0.414850864872    5.73597354239E12   1621.66431252   0.47160489459     136.40536   1.948648        1.49776925165   
  183     5      1        2.05   -1.83   -6.0    -0.73   1.0      56.7409106067   0.149493596574    1.5813872462E12    672.451299739   0.271917369932    119.9168    1.713097143     1.31875598676   
  184     8      1        1.41   -1.47   -5.3    -1.97   1.0      12.0746683946   0.297713145192    1.42617058546E11   52.0641126985   0.352080901506    25.48232    0.364033143     0.337119721968  
  185     10     1        1.29   -1.05   -4.98   -1.54   1.0      60.4725043883   0.142040637069    1.7066778804E12    1046.12207678   0.154615518914    73.44904    1.049272        1.41857452709   
  186     41     1        1.29   -0.69   -4.33   -1.51   1.0      49.2811200741   0.193540409004    1.5443859196E12    716.059566955   0.224539720199    83.94176    1.1991680005    1.1884476593    
  187     26     1        1.36   -0.68   -4.91   -3.62   0.95     43.120980065    0.18916012405     1.15565945055E12   290.36384705    0.296119625708    83.94176    1.199168        1.09051015143   
  188     8      1        1.4    -1.74   -5.18   -0.65   1.0      18.5343775731   0.0556004927856   6.27563521947E10   57.5217093937   0.142302742635    23.98336    0.3426194286    0.464726760452  
  189     1      1        2.69   0.0     -5.9    -1.72   1.0      21.1040697737   0.298152457992    4.36308688094E11   157.985456271   0.30593199448     25.48232    0.364033143     0.583511805963  
  190     4      0        1.6    -1.04   -5.9    -3.09   1.0      37.0687551467   0.0776083806014   3.50386741008E11   142.441222446   0.174922756734    47.96672    0.68523885715   0.866567903248  
  191     55     1        1.03   -1.4    -6.04   -2.21   1.0      45.2896541613   0.067315960299    4.53668988561E11   622.254269975   0.0708044913268   49.46568    0.7066525714    0.95788682437   
  192     36     1        1.54   -0.91   -5.06   -0.76   1.0      70.6616520485   0.113111592007    1.85565710011E12   1244.68709483   0.173146669835    74.948      1.0706857143    1.44684594956   
  193     16     1        2.01   -1.5    -5.56   -2.17   1.0      57.839054946    0.136891032633    1.50466706491E12   964.825493839   0.14276213196     119.9168    1.713097143     1.30459374697   
  194     77     1        1.12   -0.59   -3.98   -2.42   0.97     69.0751533007   0.271619706414    4.258219351E12     1347.42280569   0.286946498161    88.43864    1.263409143     1.52305228523   
  195     15     1        1.57   -0.84   -5.05   -0.99   1.0      45.1571634207   0.164346768094    1.10112725936E12   504.886079508   0.290082139217    53.96256    0.7708937145    1.031398057     
  196     22     1        1.24   -0.94   -5.25   -2.0    1.0      50.5811090387   0.0594390825191   4.99656833007E11   622.521129273   0.0872708468112   76.44696    1.0920994286    1.14260751954   
  197     5      1        1.24   -1.74   -4.99   -0.58   1.0      6.16014001877   0.079973108665    9.97121737921E9    13.6785486428   0.0817448872556   7.4948      0.1070685715    0.161174098624  
  198     12     1        2.69   -1.67   -4.63   -0.83   1.0      19.0131060233   0.229686986748    2.72813318988E11   103.295522585   0.270721463359    38.97296    0.5567565715    0.592278230167  
  199     20     1        1.72   -1.3    -4.98   -2.26   1.0      28.2293078832   0.232948703987    6.09935341265E11   221.378558399   0.255450468682    49.46568    0.7066525715    0.683892682774  
  200     46     1        1.11   -0.87   -4.42   -1.99   1.0      43.2597074361   0.0361047626682   2.22000876648E11   121.420724472   0.126511546541    91.43656    1.3062365715    0.95122966361   
  201     5      1        2.34   -1.55   -5.83   1.62    1.0      90.7445288195   0.0223025726638   6.03418890283E11   515.983529868   0.155694877741    110.92304   1.584614857     2.11283656973   
  202     8      1        1.01   -1.4    -5.94   -2.07   1.0      32.5963970117   0.202457138568    7.06798030629E11   341.088256461   0.211681172081    38.97296    0.5567565715    0.762374337829  
  203     5      1        2.31   -1.79   -6.07   -1.61   1.0      31.9465697357   0.228415943336    7.65945586985E11   326.706151801   0.312384660678    65.95424    0.942203429     0.728599217252  
  204     12     1        1.93   -1.45   -5.1    -1.27   1.0      58.7639904094   0.203860813109    2.31301979413E12   920.257098229   0.303909413418    106.42616   1.5203737145    1.37471788343   
  205     9      0        2.37   -1.23   -6.33   -2.71   1.0      69.9657410197   0.126415535357    2.03326677227E12   1667.3107012    0.143211934476    82.4428     1.1777542855    1.58176063813   
  206     29     1        1.76   -1.24   -4.72   -1.77   1.0      27.8374625224   0.2139836143      5.44832302253E11   253.108988801   0.22493809624     32.97712    0.4711017145    0.654244331622  
  207     37     1        1.13   -0.86   -4.4    -0.27   1.0      58.1490014905   0.0817450171262   9.08173554348E11   929.42113187    0.0916630387734   64.45528    0.9207897145    1.24705894178   
  208     21     1        1.21   -0.95   -4.76   -0.62   1.0      14.754586117    0.133236386465    9.53015463651E10   53.3865704621   0.19318296043     28.48024    0.4068605715    0.454790689247  
  209     41     1        1.39   -0.7    -3.79   -1.57   0.99     49.5236865277   0.417127479842    3.36138124351E12   957.081015064   0.456748053457    53.96256    0.770893714     1.14665995372   
  210     30     1        1.28   -1.1    -5.2    -2.07   1.0      30.9946203251   0.110026236029    3.47289726695E11   279.258762687   0.115617520002    50.96464    0.7280662855    0.733103368922  
  211     6      1        1.14   -1.56   -5.83   -3.03   1.0      11.0377028979   0.202609937373    8.11037959321E10   25.3132489639   0.253445336281    13.49064    0.192723429     0.462020764251  
  212     12     1        1.51   -1.5    -5.06   -0.38   1.0      11.2171895116   0.0916738499579   3.78997743133E10   19.9976984519   0.252501959562    22.4844     0.321205714     0.26014881809   
  213     90     1        1.09   -0.44   -3.63   -1.74   0.99     35.6683893527   0.242882602323    1.01528143217E12   425.53870463    0.259791943554    74.948      1.070685714     0.858148738372  
  214     16     1        1.33   -0.74   -4.64   -2.03   1.0      101.60546053    0.347099318192    1.17736439149E13   3674.51152752   0.408630943924    124.41368   1.777338286     2.38102689255   
  215     8      1        1.34   -1.0    -4.62   -1.33   1.0      40.886177672    0.159750880383    8.7744382545E11    392.295826179   0.298214520763    49.46568    0.7066525715    1.02444123096   
  216     56     1        1.39   -0.62   -5.66   -2.64   1.0      61.9892406506   0.119034555667    1.50289530197E12   1289.23451756   0.119482083042    74.948      1.0706857143    1.43256496497   
  217     9      1        1.88   -1.42   -4.92   -1.3    1.0      31.5692348103   0.115209280175    3.77258134468E11   303.192420678   0.116411333377    37.474      0.535342857     0.727366108259  
  218     11     1        2.69   -1.79   -4.89   -1.02   1.0      38.104914193    0.179458426453    8.5614804691E11    399.394006843   0.20537551065     65.95424    0.9422034285    0.894773139082  
  219     88     1        1.14   -0.58   -4.0    0.35    1.0      30.9946203255   0.0530344761127   1.67399425627E11   111.957516964   0.190323107051    61.45736    0.8779622855    0.773890937637  
  220     2      1        1.61   -2.6    -6.23   -1.64   1.0      8.47939824429   0.172510580548    4.07538686435E10   21.1294419381   0.189320007121    8.99376     0.128482286     0.23132800181   
  221     8      1        2.72   -1.94   -5.71   -0.75   1.0      79.5814602065   0.0574417313483   1.19529297621E12   1410.19499049   0.0684403559907   91.43656    1.3062365715    1.74649416436   
  222     16     1        1.68   -1.51   -4.64   -1.23   1.0      10.6696754859   0.152946977135    5.72092636979E10   41.5209303549   0.157232782067    22.4844     0.321205714     0.281663402398  
  223     4      1        1.63   -2.14   -6.56   -1.8    1.0      75.5385949926   0.143245810499    2.68560893682E12   2225.68610758   0.156812774663    85.44072    1.2205817145    1.63676015806   
  224     16     1        1.35   -1.8    -5.93   -2.57   1.0      43.0282466671   0.204210337115    1.24224729694E12   567.75793876    0.259200479285    58.45944    0.8351348575    1.02078602546   
  225     14     1        1.23   -1.35   -4.36   -2.06   1.0      29.2030169208   0.436556325109    1.22325996975E12   326.837062345   0.495856550027    32.97712    0.471101714     0.808260050592  
  226     48     0        1.04   -0.58   -3.79   -2.4    0.96     9.8926312866    0.306908882199    9.86861352558E10   35.4349775119   0.314795110586    10.49272    0.149896        0.356702212371  
  227     17     1        1.15   -0.82   -4.57   -2.59   0.99     66.6321020022   0.251035961575    3.66206464523E12   833.378552809   0.338007009536    76.44696    1.0920994285    1.55764570829   
  228     46     1        1.7    -0.94   -4.98   -2.31   1.0      31.2513089347   0.179006019414    5.74416753795E11   319.725325403   0.211443036255    62.95632    0.8993759995    0.724120388249  
  229     76     1        1.66   -1.58   -5.78   -3.89   0.99     28.6854977779   0.237371978719    6.41766835108E11   270.369345271   0.250895911105    32.97712    0.4711017143    0.664832371333  
  230     19     1        1.06   -1.22   -4.69   -2.18   1.0      45.4876667101   0.230081759503    1.5642009644E12    542.805861344   0.254284932821    68.95216    0.9850308565    1.05259346522   
  231     13     1        1.67   -1.07   -5.62   -3.42   0.99     40.6903146176   0.336376791028    1.82991601381E12   601.687036637   0.353601085926    49.46568    0.706652571     0.982576989391  
  232     8      1        1.37   -0.87   -4.72   -1.41   1.0      17.6512750233   0.118716113339    1.21530384536E11   91.0162857134   0.124084702717    20.98544    0.299792        0.43885898774   
  233     39     1        1.01   -1.01   -4.31   -1.24   1.0      30.6055510923   0.164091165583    5.05020080396E11   276.347996373   0.198492475386    37.474      0.535342857     0.766846973138  
  234     15     1        1.05   -1.44   -4.81   -2.0    1.0      48.2158994432   0.132375031705    1.01113620577E12   383.448820529   0.198079831425    71.95008    1.027858285     1.11720632798   
  235     11     1        2.31   -1.63   -5.26   -2.16   1.0      58.7639904102   0.391700238327    4.44425974184E12   1312.90264096   0.446271067999    70.45112    1.0064445715    1.37521355167   
  236     13     1        1.35   -0.92   -4.8    -0.64   1.0      37.3906317099   0.0723076840395   3.32149111968E11   337.869264548   0.130880349885    74.948      1.07068571435   0.857322558789  
  237     32     1        1.76   -0.87   -4.51   -0.38   1.0      34.9900062309   0.102261853021    4.11362535891E11   204.497256369   0.243273823385    55.46152    0.7923074285    0.800845446221  
  238     20     1        1.26   -0.57   -5.12   -2.99   0.99     19.1178622226   0.258315824874    3.10207794769E11   101.740484103   0.300299688009    22.4844     0.3212057145    0.632152041687  
  239     29     1        1.12   -0.9    -4.88   -2.59   0.99     53.3483773888   0.144224607231    1.3486673174E12    989.482122767   0.145376879697    59.9584     0.8565485715    1.15832285773   
  240     21     1        2.25   -1.48   -4.81   -2.02   1.0      67.6730592721   0.239975958403    3.61095763823E12   1695.32255537   0.25907675236     142.4012    2.034302857     1.49594611679   
  241     6      1        1.16   -1.68   -5.48   -3.43   0.99     19.9361053856   0.444264332991    5.80156454615E11   154.995046417   0.4860276193      22.4844     0.3212057145    0.598933815556  
  242     17     1        1.21   -0.85   -5.84   -0.07   1.0      36.9608400555   0.0417175591704   1.87251625458E11   385.773642463   0.0641892150703   62.95632    0.89937600005   0.860436205044  
  243     31     1        1.66   -0.81   -5.83   -1.02   1.0      19.7852625735   0.116388875204    1.49698740535E11   71.9713832287   0.276418605192    32.97712    0.47110171425   0.596852388299  
  244     23     1        1.01   -1.46   -4.24   -1.12   1.0      91.816653272    0.1878479588      5.20322296553E12   2271.16861541   0.2745168898      112.422     1.6060285715    2.1437358005    
  245     22     1        2.51   -1.76   -5.56   0.38    1.0      89.0336815809   0.049120915093    1.27937585948E12   655.741931403   0.249849348964    107.92512   1.5417874285    2.05580842736   
  246     61     1        1.17   -0.53   -4.96   -0.85   1.0      35.6683893538   0.0915455190145   3.82672388927E11   239.85563974    0.18747742082     46.46776    0.66382514285   0.847545679966  
  247     61     1        1.04   -0.67   -4.92   -2.45   1.0      65.8178298434   0.0920123302972   1.3096528301E12    705.535642462   0.139060153584    71.95008    1.0278582855    1.40401211871   
  248     26     1        1.36   -1.04   -4.15   -1.22   1.0      52.6322593111   0.264524014675    2.40764343969E12   981.473881324   0.297364358806    97.4324     1.391891428     1.27135441297   
  249     7      1        1.31   -1.87   -5.46   -1.77   1.0      25.7890829648   0.166930253824    3.64779052777E11   223.07527515    0.177656474826    31.47816    0.449688        0.613167428296  
  250     47     1        1.29   -0.84   -4.95   -2.27   1.0      39.3427428078   0.210967767362    1.07292264931E12   539.521745191   0.224094577892    44.9688     0.642411429     0.880007703086  
  251     9      1        1.6    -1.66   -5.47   -0.63   1.0      43.535836033    0.0934797164365   5.82149062983E11   503.866672249   0.14317600462     70.45112    1.0064445715    1.00059401334   
  252     76     1        1.08   -0.49   -4.61   -0.23   1.0      47.2112913713   0.104168367723    7.62870212684E11   320.184659603   0.31520323001     98.93136    1.4133051425    1.02933727443   
  253     20     1        1.17   -1.25   -6.06   -3.07   1.0      60.0748726504   0.337428821945    4.0012061924E12    1285.18539932   0.399486278384    64.45528    0.9207897145    1.38128985411   
  254     15     1        1.71   -1.26   -5.18   -0.61   1.0      123.631642543   0.133745096668    6.71676550185E12   3351.36559014   0.243057123194    151.39496   2.162785143     2.8844260613    
  255     25     1        1.12   -0.33   -3.92   -1.69   0.99     15.5455634508   0.147668431914    1.17252912044E11   90.8374866037   0.163056609315    16.48856    0.2355508575    0.380498722301  
  256     7      1        1.46   -2.06   -4.38   -1.26   1.0      46.7222623328   0.2294950136      1.64605377732E12   642.99789702    0.328705813318    64.45528    0.920789714     1.12957807819   
  257     9      1        1.07   -1.81   -5.4    -1.44   1.0      40.072072731    0.181719754395    9.58757543322E11   426.931500092   0.227914172144    80.94384    1.156340571     0.987633367973  
  258     2      1        1.63   -1.56   -4.98   -1.45   1.0      75.4062799579   0.261313999342    4.88203341824E12   1678.18763967   0.343112690626    91.43656    1.3062365715    1.74853428435   
  259     15     1        1.16   -1.51   -5.15   -2.82   1.0      17.1345400089   0.124316774746    1.19921671468E11   40.1487160267   0.218290590678    22.4844     0.321205714     0.485213316602  
  260     24     1        1.04   -0.73   -4.5    -0.95   1.0      59.0690838449   0.155251519689    1.77983346796E12   1068.87186611   0.20701478332     70.45112    1.0064445715    1.34533363016   
  261     32     1        1.02   -0.78   -5.42   -1.58   1.0      49.9853154711   0.0973618904176   7.99276255652E11   655.583775676   0.127201273281    103.42824   1.4775462855    1.1154967387    
  262     36     1        1.43   -1.17   -4.59   -0.97   1.0      51.0136021016   0.0752374166656   6.43322728176E11   894.231770431   0.0756067453785   82.4428     1.1777542855    1.17316357277   
  263     7      1        1.08   -1.5    -4.95   0.82    1.0      25.711521637    0.0561473535958   1.2195732476E11    195.70296189    0.0830590159845   46.46776    0.663825143     0.600341570359  
  264     3      1        1.67   -2.07   -7.2    -0.75   1.0      31.8212885886   0.045625557943    1.5179824541E11    256.130793519   0.0509469945242   58.45944    0.83513485715   0.746628672345  
  265     15     1        1.63   -1.34   -5.7    -2.15   1.0      25.9049895395   0.214602159471    4.73177373443E11   185.123266023   0.340750054005    29.9792     0.4282742855    0.585616881176  
  266     7      1        1.4    -1.72   -5.08   0.6     1.0      22.7438333545   0.0421304875406   7.16055777097E10   68.6487421324   0.129312757949    26.98128    0.3854468575    0.557048187853  
  267     11     1        1.36   -0.92   -4.5    -1.64   1.0      40.6903146182   0.208846083687    1.13613900591E12   464.32142997    0.22803358543     49.46568    0.7066525715    1.0045196566    
  268     45     1        1.2    -0.84   -4.0    -1.29   1.0      33.0527383522   0.177414473866    6.36835079317E11   291.362024851   0.273702903867    40.47192    0.578170286     0.853259199416  
  269     5      1        1.43   -2.07   -5.98   -2.35   1.0      21.9392766152   0.153335109441    2.42498610298E11   126.066706687   0.200710962019    23.98336    0.3426194285    0.585781552304  
  270     16     1        1.7    -1.44   -4.78   0.99    1.0      99.1984905312   0.0332247686688   1.07422469519E12   3476.34169647   0.0404738611582   121.41576   1.734510857     2.31309811433   
  271     76     1        1.25   -0.8    -4.9    -2.25   1.0      40.3947394119   0.149153371909    7.9966066993E11    361.374324505   0.177620691504    61.45736    0.8779622857    0.948045438458  
  272     26     1        1.04   -0.86   -4.87   -0.64   1.0      66.2412945139   0.0857316646268   1.2360098089E12    729.00565085    0.221835252408    77.94592    1.113513143     1.48525955195   
  273     114    1        1.4    -0.99   -4.59   -1.61   1.0      61.9892406507   0.159477909117    2.01352119171E12   1248.69628327   0.173665918648    122.91472   1.75592457145   1.44601114308   
  274     63     1        1.05   -0.57   -4.38   -1.2    1.0      41.6364453474   0.147590173505    8.40674302979E11   539.231501401   0.207489204888    74.948      1.070685714     0.974232965742  
  275     90     1        1.66   -0.88   -5.43   -2.3    1.0      26.8514277787   0.177378927025    4.20203658645E11   166.4908151     0.317646246137    38.97296    0.5567565715    0.607369824512  
  276     42     1        1.28   -1.11   -6.26   -2.49   1.0      58.0458698668   0.107805565148    1.19345725042E12   1185.54987703   0.118609605101    97.4324     1.391891429     1.34430541624   
  277     3      1        2.47   -1.89   -6.42   -0.94   1.0      83.1648920884   0.0876186078491   1.99112921236E12   1984.65860732   0.10561980242     98.93136    1.413305143     1.88538406128   
  278     42     1        1.16   -1.45   -4.95   -1.56   1.0      59.5741008753   0.0906422556975   1.05698478676E12   815.09419534    0.105666793282    97.4324     1.3918914285    1.37998647702   
  279     16     1        1.16   -1.28   -4.87   -3.16   0.98     51.8870199823   0.353949084289    3.13098717939E12   763.427165474   0.36645015678     101.92928   1.4561325715    1.285547666     
  280     21     1        1.23   -0.67   -5.08   -1.17   1.0      26.173442197    0.0922366200261   2.07609921428E11   212.54230042    0.097679964009    52.4636     0.74948         0.604506124079  
  281     27     1        1.44   -0.85   -4.96   -2.25   1.0      21.1984956145   0.17482642051     2.58131014226E11   98.0909457322   0.303964907491    22.4844     0.3212057143    0.669881576227  
  282     86     1        1.06   -0.6    -5.55   -2.27   1.0      35.5562243296   0.189003057514    7.85096685483E11   293.534256701   0.355854039596    67.4532     0.9636171429    0.952261838796  
  283     21     1        1.15   -1.14   -4.22   -0.97   1.0      46.2064533852   0.132756409898    9.31287574646E11   466.275166215   0.160269548625    55.46152    0.7923074285    1.08735675133   
  284     47     1        1.0    -0.49   -4.21   -2.01   0.99     64.5926351456   0.167769276354    2.29986039908E12   1138.04024341   0.190727408715    136.40536   1.9486480005    1.43180208288   
  285     44     1        1.13   -0.44   -3.79   -0.67   1.0      31.1873348476   0.117720636195    3.76211585602E11   215.229533505   0.212508575733    65.95424    0.9422034285    0.662870642447  
  286     51     1        2.67   -1.44   -5.0    -0.75   1.0      96.7109972151   0.0750072596551   2.30503784848E12   2427.87125206   0.083409313947    118.41784   1.6916834285    2.25942967447   
  287     6      1        1.43   -1.17   -5.23   -1.78   1.0      39.5705251471   0.247077766233    1.27116033571E12   450.791501954   0.358479673535    77.94592    1.1135131425    1.02510531186   
  288     60     1        1.14   -0.81   -3.62   -1.17   1.0      47.2112913704   0.218915067453    1.60321014633E12   755.158197238   0.2206317696      53.96256    0.7708937145    1.05853872076   
  289     22     1        1.18   -0.72   -3.92   -1.62   1.0      65.1774743674   0.297323631372    4.14999451145E12   1375.51193322   0.362467387278    112.422     1.606028572     1.57977811174   
  290     18     1        1.2    -0.79   -4.57   -2.24   1.0      45.1571634215   0.189160450399    1.26737952166E12   646.308338803   0.212625725734    70.45112    1.006444572     1.07034040406   
  291     7      0        1.68   -2.03   -5.66   0.36    1.0      44.060245738    0.0676101290926   4.31249529338E11   208.028341879   0.269121768751    80.94384    1.1563405714    1.10573750266   
  292     33     1        1.33   -0.84   -4.21   -2.68   0.97     24.640560037    0.292295961229    5.83105317899E11   219.741801636   0.321562513763    41.97088    0.599584        0.6107917895    
  293     14     1        1.5    -1.6    -5.04   -1.65   1.0      30.211471761    0.234374579527    7.02873727049E11   333.438361377   0.241677032678    46.46776    0.663825143     0.727690927832  
  294     31     1        1.27   -1.09   -4.68   -2.14   1.0      84.4517605492   0.142392269293    3.33677455886E12   1522.1742822    0.174876236019    103.42824   1.4775462855    1.98915436544   
  295     19     1        1.47   -0.85   -4.63   -1.14   1.0      50.5416079714   0.0733509397476   6.1564000174E11    689.977182067   0.0820651100753   106.42616   1.5203737145    1.09928021012   
  296     15     1        1.48   -1.54   -5.51   -1.73   1.0      47.7789826063   0.193497135134    1.45134738164E12   703.524666093   0.242529852694    58.45944    0.8351348575    1.157921845     
  297     17     1        1.95   -1.59   -4.95   -2.98   0.99     27.0736502804   0.0903813638132   2.17668487042E11   59.6379722273   0.255350602622    46.46776    0.6638251425    0.732795736668  
  298     22     1        1.13   -1.45   -6.25   -2.47   1.0      36.8255014832   0.124752619701    5.55865925292E11   521.270709505   0.134122696318    40.47192    0.578170286     0.791782900623  
  299     8      1        1.08   -1.6    -5.32   -2.35   1.0      19.0131060249   0.0977239433911   1.16072720196E11   50.691770447    0.167878600774    28.48024    0.406860571     0.486581464044  
  300     58     1        1.29   -0.65   -5.47   -4.96   0.76     14.1323304097   0.502465252871    3.29728614901E11   76.8137713658   0.541493393399    14.9896     0.21413714285   0.559500344605  
  301     42     1        1.08   -0.92   -5.11   -0.19   1.0      96.7109972151   0.0640076946008   1.96701171763E12   1144.19220456   0.214849135347    118.41784   1.69168342855   2.25572900504   
  302     6      1        1.46   -1.99   -6.28   -3.73   1.0      12.9524947682   0.115159866747    6.34791413499E10   18.6687585247   0.243212937953    26.98128    0.3854468575    0.459620039888  
  303     24     0        1.26   -0.92   -5.18   0.97    1.0      49.1390700193   0.0394817724111   3.13237353199E11   139.63826753    0.298237908107    59.9584     0.8565485715    1.14216173736   
  304     22     1        1.31   -1.25   -4.47   -2.36   0.99     33.4133243499   0.096023912796    3.52242545229E11   119.644550365   0.209912206193    55.46152    0.792307429     0.827908758874  
  305     28     1        1.2    -0.72   -5.6    -2.34   1.0      10.1909683873   0.242331383323    8.26920215465E10   32.4458359752   0.27156965231     11.99168    0.1713097143    0.287640851387  
  306     7      1        1.6    -1.46   -5.62   -2.71   1.0      56.7409106065   0.352480585719    3.72864333695E12   1262.48848382   0.392793527774    68.95216    0.985030857     1.28156085046   
  307     15     1        1.05   -1.14   -4.18   -1.59   1.0      36.8255014832   0.264103709202    1.17677891687E12   467.510834242   0.279599213791    77.94592    1.1135131425    0.877378861952  
  308     28     1        2.15   -1.33   -4.91   -1.91   1.0      54.3130298062   0.23203570003     2.24898162997E12   892.491313751   0.263398190467    64.45528    0.9207897145    1.23992906003   
  309     6      1        1.63   -1.74   -6.61   -3.11   1.0      26.4013719759   0.432311202247    9.9008508978E11    261.171989778   0.475346045715    34.47608    0.492515428     0.760681403355  
  310     3      1        1.17   -2.3    -4.75   -0.16   1.0      51.7135165503   0.121457972523    1.06722799337E12   895.658410016   0.141877714076    109.42408   1.563201143     1.09308109688   
  311     81     1        1.14   -0.91   -4.54   -1.66   1.0      17.1345400094   0.176336537691    1.70102324365E11   72.1101298831   0.309083141368    35.97504    0.5139291425    0.563742437463  
  312     12     1        1.06   -0.66   -5.52   -3.05   1.0      87.025784488    0.323009814195    8.03775289687E12   2625.31837768   0.344088776607    101.92928   1.4561325715    1.99274070719   
  313     22     1        1.51   -1.33   -5.41   -2.29   1.0      20.9139391447   0.228619807538    3.28555372902E11   118.612131756   0.313879126971    40.47192    0.5781702857    0.660623259226  
  314     68     1        1.03   -0.32   -5.24   -2.73   1.0      53.310926786    0.196146032447    1.8316185444E12    720.670268491   0.310842046563    79.44488    1.134926857     1.20428787389   
  315     44     1        1.16   -0.47   -4.19   -2.95   0.95     50.3039501908   0.220824518548    1.83600775446E12   471.333030284   0.299132811427    106.42616   1.52037371435   1.18199891469   
