#Index SIT RA DEC z sigma rh_rp rh_rs Mvir_rh R Mvir_rp Mvirl LS rp
1 1 171.31543 -2.07612 0.06287 16.661771827 0.377184289289 0.418880581656 3.44047969739e+11 0.327192099048 2.98447683503e+11 6.19096539006 55572588128.4 0.437023046344
2 1 208.67705 65.24431 0.03578 63.5012014148 0.179142787942 1.0444957726 2.37348368983e+12 0.195772364298 2.59381088639e+12 61.8742493367 38359797739.3 0.29204699345
3 1 211.20346 4.98106 0.04649 66.4670408051 0.11847342081 0.673452077621 1.71971569601e+12 0.138049182281 2.00387009988e+12 60.9000004208 28238352777.2 0.213690279397
4 1 251.4675 44.43748 0.07015 45.8157858952 0.341225219914 0.767615265142 2.35339291893e+12 0.160121553538 1.10434079392e+12 30.5682849487 76988058796.3 0.346132836803
5 1 133.53548 0.49857 0.02821 20.0360363655 0.202704789682 0.614192032389 2.67368766293e+11 0.215223818343 2.83881436041e+11 13.6488742626 19589070948.2 0.287312765263
6 1 207.82367 0.38493 0.02992 28.99711764 0.054619995948 0.130687657533 1.50898305673e+11 0.0919632870207 2.54066371751e+11 5.85826297801 25758199357.0 0.137101135974
7 1 218.9558 62.42113 0.04753 61.6014000926 0.338783158857 1.34285766466 4.22402050808e+12 0.219024163492 2.73083987255e+12 43.301881366 97548198249.6 0.361417118803
8 1 197.6863 0.03209 0.041 33.7700603437 0.373312105137 0.591717262607 1.39881018223e+12 0.326668300235 1.22403463026e+12 52.570154761 26608447104.5 0.440829694825
9 1 320.87643 -7.74597 0.02767 49.5035180536 0.109418405368 0.679986336817 8.81019554751e+11 0.0354135976777 2.85144642285e+11 26.3635757433 33418059952.4 0.125794147985
10 1 22.22406 14.72071 0.03667 83.655756579 0.126058709131 1.70484026804 2.89859512226e+12 0.152083231755 3.49700323587e+12 42.8736135046 67607903447.4 0.231181862928
11 1 127.45965 48.78101 0.02358 14.7545861168 0.118441501862 0.317146001312 84719036446.0 0.0589187407175 42143495850.2 4.0440437697 20949089888.9 0.131987990046
12 1 200.9196 1.36182 0.05677 49.2202916779 0.126701179853 0.895812042637 1.00853753004e+12 0.106740419333 8.49650484661e+11 11.1922631528 90110241000.1 0.142561509007
13 1 232.20929 0.77725 0.03982 9.89263128811 0.296526721928 0.306231416932 95347765715.8 0.230129229527 73997741986.6 1.67557328194 56904563198.6 0.326793830145
14 1 225.27345 0.53047 0.03552 59.9750527984 0.117071870272 1.30493880475 1.38362013452e+12 0.156051381477 1.84430156391e+12 76.3727585534 18116670927.3 0.220246381074
15 1 259.7788 65.73225 0.03567 25.9435099918 0.202964687194 0.539692670274 4.48849751075e+11 0.124149583439 2.7455273325e+11 29.4852251796 15222870042.2 0.226563948087
16 1 192.98346 -2.07756 0.02288 18.5343775737 0.144383717876 0.235079759754 1.62966099702e+11 0.178212395644 2.01148574534e+11 8.57952367654 18994772419.3 0.246715151314
17 1 155.23221 1.23607 0.07091 97.4311188302 0.069621984104 1.96020811275 2.17152490228e+12 0.0651092876115 2.03077291229e+12 36.0011309475 60318241264.3 0.0964754747483
18 1 190.14594 2.46814 0.04575 47.7371629194 0.119639751699 0.659339665954 8.95801430097e+11 0.116321448201 8.70955666238e+11 16.3553679416 54771096149.8 0.160467605979
19 1 211.26212 -0.25141 0.03283 56.8990859777 0.0370328000796 0.791538859242 3.93931009956e+11 0.0627100834173 6.67069366667e+11 29.313849521 13438392309.2 0.0879896293826
20 1 189.95157 -2.79609 0.04794 31.1873348476 0.299804755256 0.532731394534 9.58115976869e+11 0.155719001312 4.97646753242e+11 17.1289240818 55935560943.2 0.302428067229
21 1 231.97763 54.26979 0.03993 19.785262574 0.159281656196 0.401033126189 2.04867203004e+11 0.182728979863 2.35025023636e+11 4.67255522026 43844790130.1 0.260098819208
22 1 134.77396 53.77162 0.00776 22.6117286556 0.215004464432 0.342990460907 3.61191937266e+11 0.100681431606 1.69137517328e+11 47.7772891813 7559908556.05 0.230949483882
23 1 145.60008 63.1653 0.03127 50.0052896241 0.258159438246 0.906912218264 2.12101109472e+12 0.212816374035 1.74847719508e+12 74.365884557 28521291817.5 0.285971475692
24 1 119.1682 44.86981 0.05015 55.079839933 0.12560293822 1.20122074852 1.252011093e+12 0.148144302606 1.47670359353e+12 12.8055616481 97770884823.9 0.197599522732
25 1 134.24171 52.06597 0.01259 56.4586157679 0.155084626886 0.92590225453 1.62424762552e+12 0.042497818341 4.4509234678e+11 76.5475123389 21218816600.2 0.206339774878
26 1 136.14615 52.12041 0.06563 76.719162013 0.323539781931 1.54882369776 6.25688868053e+12 0.171035892125 3.30763818599e+12 58.6314685157 1.06715537559e+11 0.325227110985
27 1 143.98962 54.99336 0.05852 86.0680967175 0.440562359702 1.39133564891 1.07229634815e+13 0.320573028681 7.80251150378e+12 233.00242545 46020823434.8 0.469511061098
28 1 122.38428 39.88793 0.06363 57.5621458518 0.293099427923 1.28025087634 3.19089093939e+12 0.0949887379716 1.03411564289e+12 42.6816544351 74760244925.4 0.331637294745
29 1 162.28116 4.94069 0.05525 77.766350421 0.15574448692 0.306917442765 3.09470429156e+12 0.188484937859 3.7452699458e+12 76.7769293994 40307737178.0 0.268500761665
30 1 348.1218 13.94226 0.03411 31.8212885881 0.0720559002807 0.228384972838 2.39733161124e+11 0.03969853401 1.32078775133e+11 4.39434169015 54554965914.7 0.0764124666355
31 1 143.01884 51.55095 0.03356 36.744059065 0.412350645877 0.667703855943 1.82921173598e+12 0.234787759305 1.04153231983e+12 48.8216971425 37467188628.0 0.417500080155
32 1 138.2593 49.63948 0.01329 20.8182226738 0.166457746489 0.451597430086 2.3703602124e+11 0.0499514077252 71130861688.6 16.3980200345 14455161095.1 0.199760148589
33 1 148.12364 2.15445 0.01665 26.9627679705 0.0772196188603 0.588055782187 1.84450416983e+11 0.078306917445 1.87047589571e+11 7.4297606558 24825889490.7 0.106919209536
34 1 310.09406 -6.35892 0.03591 29.7786679832 0.323173308396 0.675127080437 9.41605655565e+11 0.202381651201 5.89664128822e+11 26.1376972808 36024812953.1 0.398058294509
35 1 188.06636 2.99959 0.04416 57.5274384947 0.0968560336536 1.20817822965 1.0531731845e+12 0.133300337601 1.44945374852e+12 26.855178351 39216763736.7 0.205516010566
36 1 25.88225 13.51376 0.05388 48.8945955174 0.150563417543 0.602832831396 1.18267173709e+12 0.121734303698 9.56219796063e+11 19.688397832 60069475799.0 0.165451405597
37 1 136.81125 2.4427 0.05141 61.2600254094 0.0691088770906 1.35950282054 8.521405272e+11 0.208460216303 2.57039914551e+12 20.4078595629 41755507213.9 0.294803457969
38 1 206.814 62.46961 0.04396 27.2574517824 0.101937714366 0.540347216067 2.48844723021e+11 0.0457874625838 1.11773826943e+11 5.66538955254 43923673864.4 0.112125342179
39 1 323.22287 -7.19673 0.06054 101.349601338 0.163176711914 2.00843037635 5.50712971502e+12 0.147735785787 4.98600643642e+12 57.1391210913 96381071494.3 0.220055183083
40 1 186.86505 3.30211 0.04878 24.5186768821 0.188374289437 0.432591192266 3.72082056388e+11 0.135159990916 2.66971716319e+11 3.60797326486 1.03127719934e+11 0.199160212032
41 1 176.13776 61.53355 0.04799 92.3372337918 0.116887299627 1.58716811953 3.27449313549e+12 0.107746862038 3.01843195317e+12 51.2954548336 63835931392.2 0.15984914435
42 1 174.36235 1.53515 0.04571 54.5332186677 0.154890021421 0.413681380439 1.51345231357e+12 0.134418416583 1.31342136632e+12 29.9301697334 50566111954.8 0.179451439977
43 1 157.97313 62.40112 0.05222 63.8931394739 0.0841074383151 1.04021714354 1.12814754126e+12 0.0188228002523 2.52473458348e+11 18.0150769372 62622410395.2 0.1598772004
44 1 126.86163 41.49458 0.03605 12.9524947705 0.148748879879 0.228741953098 81994287085.9 0.100046413815 55148209404.6 2.65121284443 30927085789.5 0.176949486664
45 1 351.25107 -0.00226 0.03358 51.9447256759 0.0326337740468 0.521531755939 2.89316535062e+11 0.0324365632969 2.87568152213e+11 16.8049391008 17216160875.5 0.0449400079074
46 1 208.03221 5.43217 0.07892 26.8514277788 0.50807732759 0.698627138005 1.20361508275e+12 0.217739390602 5.15815999663e+11 10.9291828465 1.10128552121e+11 0.564793155006
47 1 233.2897 -1.86602 0.02821 54.7525220401 0.28320643672 0.810753399396 2.78955170793e+12 0.167516596755 1.65001973118e+12 109.904422558 25381614706.8 0.288414045418
48 1 229.51926 3.48976 0.06764 115.358257987 0.160386786061 2.4104667833 7.01276041838e+12 0.15768973018 6.89483420271e+12 112.370124473 62407694672.4 0.21109681225
49 1 202.90372 61.62828 0.04409 31.1873348472 0.33215495822 0.442212164099 1.061500749e+12 0.306546315432 9.79660653501e+11 27.2822639915 38908088761.7 0.416026369789
50 1 215.19038 58.69895 0.04611 28.8590353428 0.142727108511 0.558170892305 3.9056482429e+11 0.0789791831826 2.16122158742e+11 11.4675534052 34058252051.7 0.153215440132
51 1 132.89853 47.55767 0.02906 49.4631564339 0.122158482111 0.983940514281 9.81997360447e+11 0.0874668680336 7.03121322819e+11 13.4981465304 72750533433.4 0.129117907406
52 1 4.92368 0.37568 0.04127 29.2030169198 0.0711748213098 0.561149042971 1.99436601302e+11 0.103287283574 2.89417864558e+11 9.81589780013 20317713709.2 0.15686034341
53 1 210.05475 3.4244 0.03477 60.6703429901 0.0716933433202 1.28245191534 8.67071223052e+11 0.200436482882 2.42411217427e+12 21.560953474 40214883080.0 0.283164048401
54 1 183.63297 4.43507 0.07654 32.5963970117 0.123993159799 0.727597410336 4.3287246761e+11 0.169152724996 5.90529006527e+11 2.41018736915 1.7960116842e+11 0.226488065265
55 1 120.00467 28.74175 0.04077 65.4221583791 0.144847227738 0.728607256595 2.03696216604e+12 0.0429011699059 6.03311926239e+11 80.12279477 25423004425.7 0.178397799223
56 1 168.34177 61.44682 0.06767 54.1288548792 0.235448106767 0.806380043824 2.26660540732e+12 0.182270515989 1.75467682799e+12 32.3806274722 69998810531.6 0.313756731995
57 1 172.76384 62.30467 0.03277 45.3337316936 0.0845460400179 0.952361836722 5.70898957045e+11 0.050125357155 3.38472554306e+11 19.2002983483 29733858645.8 0.0933040375025
58 1 184.54147 62.80197 0.04968 58.9675614258 0.214458998278 0.821418837758 2.45015550185e+12 0.0583627165895 6.6678354512e+11 29.4837408733 83101920898.8 0.288132287707
59 1 181.21303 63.1315 0.04038 76.7191620132 0.167289509859 1.52732649251 3.23518744548e+12 0.060367552955 1.16743930686e+12 36.443822576 88771901979.5 0.178462070377
60 1 123.24136 36.25463 0.00824 11.2171895129 0.0808173855608 0.336941968472 33411498213.3 0.115604948562 47793361607.9 3.36079217945 9941554380.44 0.171606435298
61 1 123.44865 37.05037 0.0306 38.2357244439 0.23145031261 0.381419392338 1.11178153493e+12 0.152846555499 7.34205005663e+11 31.8378231382 34920149223.2 0.282374116486
62 1 171.92673 55.92117 0.01878 25.9435099914 0.0708434877774 0.519002536867 1.56668050452e+11 0.0444503577569 98300508771.4 28.1063725217 5574111363.21 0.0740790911409
63 1 249.55365 40.17348 0.03686 49.037353764 0.252911389336 1.09130007112 1.99823001554e+12 0.17460906804 1.37957045611e+12 55.1940069913 36203749726.9 0.327449359771
64 1 180.24112 59.38512 0.03281 113.929725511 0.117509818906 2.38912911701 5.01154111804e+12 0.0989779646706 4.22119738032e+12 251.826258096 19900788567.2 0.145703220034
65 1 181.56902 61.15398 0.05203 9.79116572188 0.288082086934 0.275307167687 90741947552.0 0.270741020988 85279747130.9 1.816139065 49964206651.7 0.361116780434
66 1 166.86546 53.98799 0.06047 34.99000623 0.0690421555341 0.64518435559 2.77731679442e+11 0.153837243361 6.18831721415e+11 6.2649277369 44331186424.8 0.205891678691
67 1 208.74503 46.94458 0.02785 36.7440590653 0.141828634459 0.492555739133 6.29160170468e+11 0.115771506913 5.13569218957e+11 25.5341319881 24639967035.5 0.165463009983
68 1 354.17966 13.67414 0.06233 49.9453432008 0.270670941729 0.971224495063 2.21847570145e+12 0.124073499244 1.01693237371e+12 33.6343594308 65958613126.3 0.28367601889
69 1 231.26834 4.82983 0.02151 50.005289624 0.111078149962 0.59026736599 9.12606527388e+11 0.0953515490581 7.83398410006e+11 45.2133022302 20184469666.5 0.128919603123
70 1 347.75272 13.63158 0.02276 42.4675940944 0.0664506344116 0.826856810767 3.93765339861e+11 0.100590223015 5.96065691515e+11 18.2194772814 21612329145.3 0.152189208081
71 1 139.1048 42.99166 0.00873 34.9900062306 0.0233680448327 0.666202809424 94001212544.3 0.0640585901597 2.57684594154e+11 90.0336337331 1044067740.54 0.085411441417
72 1 162.69667 6.09852 0.042 35.3025500479 0.379278120709 0.708434843422 1.55307698552e+12 0.300558898877 1.23073566112e+12 24.3968727441 63658855043.3 0.42293087767
73 1 165.59154 6.07724 0.02197 53.8699521404 0.237951808615 1.15032792686 2.26884709536e+12 0.122502650231 1.16805072325e+12 148.500462707 15278384013.1 0.242809543172
74 1 167.14337 8.73659 0.07161 66.2412945147 0.155511468026 1.22598078826 2.24203858303e+12 0.0841253365113 1.2128510692e+12 37.9341890154 59103374587.0 0.181022154835
75 1 156.42859 45.34786 0.04383 29.6105205747 0.0165171065982 0.429773893705 47582701552.8 0.0711211519464 2.04886765551e+11 2.08932115659 22774240045.7 0.0949040919342
76 1 166.15361 6.39503 0.03212 21.339350956 0.202569917838 0.336526984166 3.03082180422e+11 0.128553221764 1.92339470581e+11 19.0526788733 15907588766.8 0.215352108671
77 1 170.68939 7.52041 0.04152 49.4631564336 0.158011528402 0.986874011198 1.27020982192e+12 0.100893104547 8.11051026825e+11 34.6248186301 36684952360.1 0.165218518251
78 1 168.52626 55.71087 0.02792 36.7440590653 0.179647578699 0.775885322984 7.96927233131e+11 0.134278085878 5.95665492537e+11 24.7453598768 32205117933.1 0.241486074601
79 1 199.9028 -2.91205 0.02273 49.463156434 0.284212285374 1.02028152771 2.28470188253e+12 0.149821545884 1.20437287739e+12 99.5886657017 22941384608.7 0.28744101116
80 1 199.14793 -2.09135 0.01885 64.7624738485 0.172917652392 0.98985431019 2.3829187222e+12 0.0492079762936 6.78118204646e+11 55.5136704342 42924899462.8 0.218774957448
81 1 183.69745 10.91788 0.07871 59.8083161592 0.234277995258 0.797640220731 2.75345313446e+12 0.13776587854 1.6191528772e+12 20.4469276822 1.34663416297e+11 0.278132139772
82 1 227.64987 54.3874 0.03835 45.3337316938 0.254288751657 0.868414267049 1.71709027507e+12 0.196919967512 1.32970632393e+12 31.728228582 54118693409.9 0.275587262612
83 1 132.89919 39.58976 0.04102 21.9392766145 0.20661597347 0.629727213933 3.2676199607e+11 0.220586565617 3.48856408713e+11 12.2257947792 26727260024.6 0.331775838085
84 1 197.95311 10.60218 0.03148 72.1164387885 0.18463536897 1.38917115525 3.15505171712e+12 0.0942064462361 1.60980104526e+12 99.5437790176 31695116945.1 0.186312465956
85 1 148.01881 6.20932 0.06189 41.6364453471 0.362972550847 0.73574345238 2.06749330889e+12 0.153530823394 8.74512271891e+11 17.8765538358 1.15653907788e+11 0.39628358701
86 1 151.2845 44.51396 0.02632 21.7564461219 0.0768110471929 0.346731385332 1.19460034562e+11 0.0635786810559 98880456834.0 9.93617350918 12022740389.1 0.0852434483204
87 1 149.82838 52.25706 0.04049 41.4200257425 0.191468247637 0.815596315003 1.07929590769e+12 0.128749625309 7.25754507218e+11 20.9011174702 51638191557.2 0.234731237783
88 1 129.27716 41.45632 0.02915 32.8709620609 0.228736840958 0.693686496527 8.12052276094e+11 0.188624332744 6.69646472732e+11 25.3647891379 32014942906.9 0.255884855615
89 1 211.80725 45.89001 0.04019 37.1494857428 0.103943062221 0.787211641033 4.71328996396e+11 0.0239183192104 1.08457429943e+11 14.8346807214 31772102497.4 0.183503156961
90 1 176.44058 47.17471 0.05398 56.934176382 0.255583627319 1.15202339067 2.72208795164e+12 0.11303477254 1.20387442527e+12 42.6619832048 63805940257.6 0.263697869813
91 1 230.7779 37.66977 0.06496 99.5602366318 0.345364536702 2.06907046451 1.12479303849e+13 0.154867316565 5.04376277962e+12 182.239178275 61720704029.8 0.373354019494
92 1 155.24252 6.64181 0.03278 72.2409564738 0.382997321053 0.774361650128 6.56728327943e+12 0.306546474184 5.25637497605e+12 241.781473165 27162061647.9 0.422271128154
93 1 236.62495 32.11728 0.03194 35.6683893539 0.143150016928 0.416528141966 5.98386021981e+11 0.131190544893 5.48393845596e+11 13.170521835 45433736755.4 0.193482199354
94 1 178.7576 49.89954 0.05912 47.2324386481 0.273289979155 0.805341941279 2.0032146362e+12 0.218130478112 1.59889567743e+12 18.993791026 1.05466814574e+11 0.300433342311
95 1 233.47333 45.11768 0.07169 57.4231905588 0.280974063133 1.04776920134 3.04413500442e+12 0.0951307510217 1.03066754971e+12 46.6353721027 65275237811.2 0.30949749844
96 1 217.82492 7.94463 0.0269 22.2107006677 0.385170854318 0.598131313902 6.24310981471e+11 0.197183774996 3.19608804036e+11 16.5752172021 37665327329.3 0.4396434083
97 1 214.38641 8.85557 0.03656 31.1873348476 0.400210982736 0.584558104349 1.27899417856e+12 0.247134277394 7.89791674255e+11 58.0229950816 22042884493.7 0.416347243164
98 1 135.30766 6.02248 0.07636 69.2916677387 0.355907276843 0.872361469777 5.61464025367e+12 0.194818608349 3.07337464494e+12 60.3354220604 93057114078.8 0.357307304457
99 1 195.78815 54.61656 0.02834 94.2638091601 0.222771534815 1.99244572615 6.50388280117e+12 0.114574609358 3.34504061246e+12 567.473098412 11461129733.5 0.253937566444
100 1 156.66083 37.77468 0.05092 31.2513089354 0.133047663124 0.630569331956 4.26939870546e+11 0.10062915764 3.22911342649e+11 6.416477377 66538046573.0 0.143600479512
101 1 206.03496 45.34132 0.03848 33.413324349 0.108028001462 0.673935560163 3.96276896878e+11 0.0635306979257 2.33048353111e+11 13.3897145724 29595619438.8 0.109480583114
102 1 249.64342 31.87298 0.06424 46.850327247 0.234160147415 0.955197726811 1.68873412419e+12 0.198625166468 1.43246022109e+12 26.7929553675 63029035096.0 0.279507310942
103 1 124.18693 27.59188 0.03999 40.2957325485 0.135092947975 0.564765338591 7.20732039198e+11 0.133345670617 7.11410170128e+11 12.5349607895 57497749797.8 0.17780223585
104 1 128.2123 30.87925 0.06579 55.441260084 0.0931936195923 1.12386920566 9.4118588123e+11 0.042827495591 4.32525685288e+11 14.3244916275 65704662036.6 0.0942391184416
105 1 159.33057 43.58759 0.02468 48.2986735802 0.227365617991 0.6816428507 1.74268237347e+12 0.139279551283 1.06753176294e+12 24.4463033847 71286130506.2 0.275218260865
106 1 216.9027 41.25767 0.00892 23.3504420187 0.072626684383 0.600795940952 1.30109638096e+11 0.014139748651 25331151977.9 19.278497482 6748951167.89 0.233862232363
107 1 212.22458 10.19897 0.06723 122.422204363 0.238014572369 2.57202922256 1.17205226043e+13 0.207016787016 1.01941024348e+13 192.685335237 60827268405.8 0.279518815821
108 1 211.27304 11.47541 0.06743 65.0547872478 0.33341506109 1.37298447135 4.63624923503e+12 0.210079589804 2.92122777641e+12 64.6309621192 71734182549.9 0.349794113378
109 1 212.1374 11.81623 0.01904 49.5236865276 0.162573470512 0.544866449626 1.31008250685e+12 0.110865416203 8.93398178219e+11 58.1125384998 22543887096.9 0.176668346002
110 1 134.20677 35.91655 0.0757 41.7083356681 0.466559029092 0.692570948386 2.66670734791e+12 0.362149463415 2.0699345097e+12 30.194676933 88317134633.7 0.509253007677
111 1 221.9547 47.80958 0.03678 30.8007000462 0.175334081748 0.646310548111 5.46525659334e+11 0.0755470017235 2.35484022935e+11 22.8845338495 23881878605.3 0.194773136334
112 1 232.64691 33.63157 0.06453 38.7287741702 0.21055112349 0.735817902775 1.03764334288e+12 0.163881763918 8.07646231139e+11 14.7751139728 70229126136.9 0.24276676033
113 1 191.32552 42.41043 0.05332 43.8102242699 0.321152458119 0.657225200752 2.02528078417e+12 0.132152632451 8.33392926984e+11 19.8475584622 1.02041809728e+11 0.33138394945
114 1 145.81416 35.16052 0.05017 70.4776922942 0.295715873227 1.07580070307 4.82615233628e+12 0.222229711763 3.62684096362e+12 63.5540508739 75937761164.1 0.36792351383
115 1 147.83017 36.17762 0.05222 43.8102242699 0.153782797578 0.470293905018 9.69799037795e+11 0.102447040143 6.46060824228e+11 12.749339474 76066610334.9 0.177605284702
116 1 172.80602 40.65314 0.04472 42.1371019572 0.141175537963 0.829944280985 8.23591425163e+11 0.175552155702 1.02413812046e+12 17.3934716656 47350606077.7 0.256138352898
117 1 174.93115 42.50458 0.07005 21.3393509564 0.380738855448 0.462732339155 5.69655967262e+11 0.292131222562 4.3708250885e+11 6.43005287815 88592734470.0 0.422444903598
118 1 172.82837 42.81292 0.04524 15.737097124 0.143295623073 0.228535965428 1.16601789159e+11 0.123905358319 1.00823641062e+11 4.15832026272 28040598557.2 0.212191112276
119 1 215.62823 11.30488 0.01643 73.6510029659 0.229821717176 0.60446005799 4.09610833905e+12 0.114657590359 2.04354017442e+12 308.28690964 13286676180.4 0.247073830598
120 1 238.34676 26.10534 0.06947 55.6749250447 0.13400438303 1.06797810503 1.36477583589e+12 0.183275668844 1.86658226015e+12 18.5117675159 73724771809.1 0.277943597885
121 1 157.06659 38.93473 0.05492 48.2158994425 0.309626167991 0.863542687391 2.36505498558e+12 0.161427200459 1.23304889807e+12 53.7795820838 43976819713.8 0.328491524271
122 1 186.37186 47.2732 0.02487 43.81022427 0.205857566162 0.650834809638 1.29819767056e+12 0.158372222309 9.98741284651e+11 31.3784508352 41372267782.8 0.242404096405
123 1 202.36461 55.72117 0.04282 35.3025500488 0.175833237452 0.724890345693 7.20006083872e+11 0.145539352612 5.95957970413e+11 19.5450132715 36838352262.6 0.197445814436
124 1 164.4029 44.07137 0.03431 21.9392766145 0.114705463849 0.179505356539 1.81406043772e+11 0.123924313744 1.95985602859e+11 4.67760115211 38781853748.0 0.166304349798
125 1 209.305 12.02133 0.02074 47.0417709268 0.0489780212789 0.926654252657 3.56116092952e+11 0.0394657323917 2.86952842475e+11 6.14085309508 57991306327.9 0.054141774235
126 1 211.0956 11.7358 0.02001 50.1846992521 0.192493438958 0.277431397012 1.59287472804e+12 0.210827037726 1.74458445025e+12 102.698115659 15510262460.2 0.293564702196
127 1 187.74106 10.80347 0.04883 30.5729051607 0.133734142766 0.573352603898 4.10713289229e+11 0.103748456209 3.18623717332e+11 12.1919400715 33687279204.3 0.156515674605
128 1 197.65103 39.78399 0.04742 31.8526550716 0.188530479338 0.780886146177 6.28486405397e+11 0.186580146976 6.21984765026e+11 9.20555956996 68272482581.9 0.285319531519
129 1 229.6298 32.39286 0.06126 26.9257057318 0.145436041189 0.573365629825 3.46440992052e+11 0.134349849145 3.20032741812e+11 4.46146028622 77651927805.3 0.180615465235
130 1 190.30916 12.98896 0.04653 62.4546680214 0.0846088335712 1.3074533178 1.08434768132e+12 0.159445475307 2.04345485156e+12 29.3828531302 36904097655.7 0.216718841279
131 1 157.43596 40.49384 0.04391 24.7618432638 0.128528458542 0.212710233956 2.58933521933e+11 0.0904710926157 1.82263126079e+11 4.18307335619 61900306278.4 0.157131353285
132 1 210.0186 58.37032 0.02629 66.6021213024 0.0649345668173 0.598505612397 9.46400825045e+11 0.089603875407 1.30594821478e+12 65.8843816165 14364570203.5 0.128147063809
133 1 247.48581 39.94374 0.05941 62.6143580496 0.0446246147124 0.668096866618 5.74837885322e+11 0.0693009767884 8.92709711994e+11 5.68681810459 1.01082516576e+11 0.10479141665
134 1 150.7656 12.94995 0.03565 58.7639904107 0.211004129838 1.1079216173 2.39406839174e+12 0.110998683112 1.25939923056e+12 62.7236127395 38168534738.0 0.211929370678
135 1 148.65512 6.6221 0.04099 72.9836014739 0.369827593804 1.36144751118 6.47251300282e+12 0.168711411304 2.95269152892e+12 113.738595786 56906918518.7 0.401848470853
136 1 205.25955 13.163 0.05564 53.0103694825 0.166411796208 1.11135437943 1.53648671562e+12 0.133868031875 1.23600884859e+12 41.2473384772 37250566275.3 0.182547679726
137 1 202.65474 14.6492 0.06661 40.8861776731 0.272858964473 0.869613619894 1.49869855512e+12 0.144077528171 7.9135674986e+11 21.5703295575 69479631783.9 0.314076553267
138 1 204.54001 14.92005 0.05948 58.8149492218 0.255871072873 1.28796024579 2.90816927539e+12 0.176514700064 2.00622376582e+12 40.9985254688 70933509001.7 0.269080955106
139 1 208.41905 56.13449 0.0354 34.2982080133 0.188038847788 0.70209993124 7.26797592685e+11 0.152387307305 5.88999185051e+11 46.7838894095 15535210985.2 0.236397456327
140 1 154.21725 39.55647 0.06425 26.1734421958 0.102083482163 0.510952876284 2.29773637663e+11 0.0554872699198 1.24892995255e+11 2.74642097134 83662934437.5 0.114946959971
141 1 225.50676 9.40787 0.04586 59.3557877208 0.214694147477 0.364635163427 2.48524604085e+12 0.137248560247 1.58875518953e+12 81.218691928 30599434463.4 0.242683800057
142 1 187.58798 7.48769 0.06675 25.9435099924 0.0460802561662 0.519294474456 1.01904975671e+11 0.0141064872583 31196034060.2 1.25724182462 81054395165.0 0.0562458315238
143 1 163.7645 42.86023 0.05916 18.5343775739 0.0373699190981 0.198019001653 42179478762.0 0.205441147538 2.31881704016e+11 0.840566525426 50179822162.9 0.278103603426
144 1 214.97707 51.89455 0.0292 31.9465697371 0.0865657346462 0.500374636145 2.90280273232e+11 0.0955875748873 3.20533147085e+11 8.42874183561 34439336130.3 0.127751140728
145 1 346.95392 0.94052 0.04185 65.7267324576 0.157464396206 0.391819371356 2.23506159255e+12 0.0632909034547 8.98355887916e+11 20.3109859943 1.10042003533e+11 0.169705314827
146 1 170.7555 47.05242 0.02524 56.2992028876 0.188569165221 1.2054470511 1.96380431183e+12 0.107041037383 1.11475092181e+12 62.7579353623 31291729093.6 0.221013187455
147 1 227.50713 10.80546 0.04733 19.7852625732 0.424317565587 0.565096316593 5.45754953312e+11 0.182196191883 2.34339754607e+11 15.2912742014 35690613229.7 0.460825429908
148 1 208.94873 14.4225 0.0517 44.5336618155 0.340753441173 0.505361255378 2.2204454223e+12 0.298648682193 1.94607895072e+12 41.0985223645 54027378468.9 0.401499595656
149 1 136.70746 26.27546 0.02061 47.3591240033 0.309850294134 0.792533774847 2.28340145272e+12 0.204497364995 1.5070167405e+12 106.288393723 21483074235.5 0.321728787237
150 1 222.77779 37.4948 0.0316 60.1745269173 0.224772364592 1.08227823353 2.67418422427e+12 0.190241198033 2.26335658083e+12 64.9450830343 41176084459.8 0.253894704345
151 1 223.66243 12.24528 0.07721 63.7836395827 0.12233611339 1.32317035801 1.63529576442e+12 0.220340850967 2.94534827312e+12 13.6317940705 1.19961888799e+11 0.302091421712
152 1 216.09656 13.79844 0.01682 43.028246667 0.114630932963 0.556367091684 6.9732007023e+11 0.157967579146 9.60944489741e+11 161.34754148 4321851227.69 0.243496440436
153 1 47.02944 0.45622 0.07414 33.9470225739 0.29179278883 0.813313410897 1.10484402682e+12 0.218935958785 8.28978972684e+11 15.1903146629 72733452291.3 0.344099363093
154 1 133.705 57.67017 0.01423 22.2107006675 0.225415550383 0.574023217486 3.65368775749e+11 0.160881658464 2.60767877343e+11 31.1586471324 11726079575.8 0.244404779555
155 1 163.02222 41.39001 0.03607 21.3393509553 0.170838624709 0.494887448397 2.55606278692e+11 0.148944743073 2.22848969737e+11 6.04963595209 42251514093.8 0.19863165992
156 1 197.29605 52.02091 0.02578 56.7409106068 0.193049479487 0.605651488083 2.04213418998e+12 0.0997880445657 1.05558729347e+12 252.183687624 8097804458.4 0.220831588389
157 1 197.05313 52.4665 0.05462 25.7115216364 0.230936560074 0.647976891965 5.01615895511e+11 0.16527572603 3.58994397822e+11 8.01668488119 62571487210.1 0.258106371279
158 1 180.13168 38.61112 0.03725 45.4876667096 0.187374451783 0.749470704364 1.27385716629e+12 0.174023523044 1.18309145042e+12 36.6850502864 34724149383.6 0.277299616998
159 1 236.63954 41.91759 0.02404 7.4781263419 0.257535287715 0.223940181888 47320070197.1 0.204498675776 37575012646.9 4.02853463345 11746224000.2 0.312061356151
160 1 181.5334 37.32595 0.04373 17.7077592481 0.252942936343 0.380168155647 2.60599040432e+11 0.110594985586 1.13942486543e+11 3.59114097334 72567198661.1 0.276911996642
161 1 147.3584 26.63813 0.05216 44.5336618162 0.120208529083 0.48835653643 7.83312641578e+11 0.104513786404 6.81041276637e+11 20.7071861038 37828058223.4 0.152244727514
162 1 230.57936 21.07348 0.0496 54.1288548775 0.0769812452093 0.787339494423 7.41080950021e+11 0.0367631209482 3.5391020922e+11 22.6236384916 32756930336.2 0.0787014947323
163 1 198.86354 29.07416 0.03508 37.9473466778 0.14047111815 0.47936634089 6.64619237975e+11 0.187654206495 8.87859350495e+11 14.9802656014 44366318706.2 0.268312199155
164 1 241.58371 39.24408 0.03869 61.5851870641 0.220208122218 0.635153275255 2.7441566683e+12 0.120226402638 1.49821941707e+12 161.456192649 16996292451.1 0.221349381227
165 1 225.22896 8.58225 0.05555 27.8015663612 0.114316252259 0.339631799072 2.90315047885e+11 0.06954019693 1.76602759474e+11 2.92633986667 99207563411.1 0.119368842282
166 1 242.06842 36.09335 0.04282 77.4188614737 0.309184072725 1.32317058116 6.08882809778e+12 0.249872056886 4.92078387937e+12 69.3005272776 87861208810.0 0.339965016801
167 1 244.57779 34.11116 0.04725 65.9996473997 0.244589954816 0.969482552908 3.50061932855e+12 0.212128048081 3.03601816272e+12 61.0868247673 57305635738.8 0.353580402669
168 1 231.52318 9.20416 0.00633 35.4155184974 0.179945477311 0.586387182418 7.41568345787e+11 0.0508795631066 2.09678364865e+11 810.224065987 915263291.87 0.228810272095
169 1 233.44917 10.7799 0.0446 20.0360363666 0.434114074014 0.58210205203 5.72598923758e+11 0.194719494399 2.56836116592e+11 17.1268494094 33432822936.1 0.457762888877
170 1 135.19806 29.99028 0.05407 57.4231905593 0.303921639763 1.09928667276 3.29275411368e+12 0.257135092415 2.78585833501e+12 84.6576392795 38894943701.6 0.347001464158
171 1 200.90956 31.12663 0.05847 36.7440590646 0.16135199958 0.778660042861 7.15766967262e+11 0.102419709966 4.54339861798e+11 17.0939323445 41872575182.7 0.173333698625
172 1 168.20113 31.81333 0.07512 84.6643369853 0.0877226427399 1.59930020664 2.06602593585e+12 0.0806580295825 1.89964159591e+12 34.2187488635 60377015655.6 0.109511630967
173 1 179.95233 29.64069 0.029 64.9011022068 0.188377871237 1.4435700453 2.60709627186e+12 0.22116915896 3.06091838702e+12 221.966630421 11745442397.9 0.32145820931
174 1 143.27747 33.13823 0.05009 60.3733419752 0.136599932169 0.546397796002 1.63592713655e+12 0.119614597822 1.43250998296e+12 44.8923701619 36441095238.4 0.172813255347
175 1 239.0967 26.1579 0.0638 45.7285176512 0.158699447128 0.918534781367 1.09036700092e+12 0.0939423291009 6.45444061056e+11 20.7276275237 52604525031.9 0.162831776726
176 1 322.3646 0.0329 0.05238 19.4287421553 0.103226503675 0.326203298441 1.28027606415e+11 0.058262306098 72260352994.9 2.64215670155 48455720412.2 0.10455727478
177 1 148.97823 27.45674 0.05603 64.499807358 0.14111033916 1.17829350802 1.92885112926e+12 0.0323763392695 4.42555371441e+11 27.5873396908 69917982338.2 0.252532555622
178 1 123.26535 24.567 0.02049 35.6683893538 0.0308493508208 0.582866977605 1.28954370488e+11 0.0428144434494 1.789700417e+11 15.6743694552 8227085042.04 0.0649468963397
179 1 201.14291 43.75208 0.04671 42.842177702 0.131413815937 0.973117503093 7.92514362835e+11 0.169682083957 1.02329795154e+12 8.15449709526 97187398999.2 0.234984369591
180 1 225.43393 27.28108 0.05624 54.3130298063 0.238814646479 1.1003607723 2.3146858558e+12 0.13284868756 1.28762193856e+12 50.2959831161 46021286639.5 0.270751911482
181 1 217.67093 16.05354 0.04834 59.2716070126 0.343522636445 0.89326425758 3.96526122915e+12 0.165204389576 1.90694437971e+12 83.8072693233 47314048783.2 0.381522725946
182 1 212.87407 16.75515 0.02724 64.8703215066 0.414850864872 1.00807320177 5.73597354239e+12 0.206503746039 2.85524298966e+12 277.887907833 20641321125.2 0.47160489459
183 1 218.64412 14.09676 0.06967 56.7409106067 0.149493596574 0.874643231774 1.5813872462e+12 0.201123043755 2.12753872808e+12 19.968797344 79192913772.2 0.271917369932
184 1 155.95702 20.9848 0.06587 12.0746683946 0.297713145192 0.297121448817 1.42617058546e+11 0.254195511301 1.21770290304e+11 1.74589271598 81687183434.1 0.352080901506
185 1 154.04855 22.25982 0.06516 60.4725043883 0.142040637069 1.2355651504 1.7066778804e+12 0.109226243037 1.31239916123e+12 23.4788837344 72689907225.2 0.154615518914
186 1 165.71492 36.78349 0.02493 49.2811200741 0.193540409004 1.05763438635 1.5443859196e+12 0.154176657054 1.23027671332e+12 43.2188294758 35734098732.8 0.224539720199
187 1 208.95499 35.15063 0.03454 43.120980065 0.18916012405 0.990785082588 1.15565945055e+12 0.206020160036 1.25866456339e+12 46.7252190355 24733098622.2 0.296119625708
188 1 166.14835 36.65431 0.02112 18.5343775731 0.0556004927856 0.371203726028 62756352194.7 0.0977495143266 1.10330010412e+11 8.73036537409 7188284740.17 0.142302742635
189 1 169.34106 25.06623 0.06973 21.1040697737 0.298152457992 0.540368132465 4.36308688094e+11 0.152848981313 2.2367529338e+11 4.76667355676 91533158899.7 0.30593199448
190 1 137.8669 64.47533 0.01765 37.0687551467 0.0776083806014 0.603891417063 3.50386741008e+11 0.130714438927 5.90150263454e+11 29.2483518771 11979708890.3 0.174922756734
191 1 213.17139 30.85504 0.01446 45.2896541613 0.067315960299 0.320465180572 4.53668988561e+11 0.0462143613716 3.1145693365e+11 53.0796484335 8546947878.33 0.0708044913268
192 1 237.49968 24.80161 0.02352 70.6616520485 0.113111592007 0.160584818411 1.85565710011e+12 0.110633771931 1.81500711601e+12 56.1977248914 33020146343.9 0.173146669835
193 1 140.15466 26.53837 0.04857 57.839054946 0.136891032633 0.903860887527 1.50466706491e+12 0.0930579125723 1.02286595027e+12 42.4574988692 35439371253.3 0.14276213196
194 1 217.96776 54.72192 0.04286 69.0751533007 0.271619706414 0.844721357561 4.258219351e+12 0.114392785772 1.79335137505e+12 108.722888943 39165803929.8 0.286946498161
195 1 219.1385 20.51624 0.06808 45.1571634207 0.164346768094 0.816285091668 1.10112725936e+12 0.217029008164 1.4540995222e+12 14.9772596885 73519941715.3 0.290082139217
196 1 122.26174 50.17868 0.01678 50.5811090387 0.0594390825191 0.855483978331 4.99656833007e+11 0.0506428366542 4.25713828422e+11 128.307090367 3894226200.43 0.0872708468112
197 1 122.5602 51.87254 0.06055 6.16014001877 0.079973108665 0.148216308672 9971217379.21 0.0497205810922 6199267861.0 0.137036347238 72763303898.3 0.0817448872556
198 1 162.7136 17.83013 0.06617 19.0131060233 0.229686986748 0.559855536217 2.72813318988e+11 0.192016776389 2.28070100138e+11 1.94650295868 1.40155614854e+11 0.270721463359
199 1 161.60187 18.53101 0.04867 28.2293078832 0.232948703987 0.617540103253 6.09935341265e+11 0.10765880307 2.81885701302e+11 14.3455469617 42517398806.3 0.255450468682
200 1 200.03462 30.4501 0.04786 43.2597074361 0.0361047626682 0.49035470222 2.22000876648e+11 0.00693125322324 42618872916.2 3.27811275621 67722160022.4 0.126511546541
201 1 151.37941 15.37333 0.05234 90.7445288195 0.0223025726638 1.88373826725 6.03418890283e+11 0.116596938445 3.15464929843e+12 9.73013638773 62015460651.1 0.155694877741
202 1 238.7681 45.48565 0.02786 32.5963970117 0.202457138568 0.62255252904 7.06798030629e+11 0.11030323997 3.85079594299e+11 22.0789279784 32012334626.0 0.211681172081
203 1 205.28862 12.77151 0.04735 31.9465697357 0.228415943336 0.530792313414 7.65945586985e+11 0.234132190158 7.85113837515e+11 13.6272190786 56207035534.5 0.312384660678
204 1 195.7186 7.68066 0.06995 58.7639904094 0.203860813109 1.2369295447 2.31301979413e+12 0.204519164616 2.3204894988e+12 26.9380553671 85864393795.6 0.303909413418
205 1 244.44016 6.06487 0.03788 69.9657410197 0.126415535357 1.1532282008 2.03326677227e+12 0.0808375169264 1.30019017565e+12 60.1223957171 33818791617.0 0.143211934476
206 1 238.2473 8.01648 0.04103 27.8374625224 0.2139836143 0.520183036148 5.44832302253e+11 0.122151137517 3.11013932979e+11 13.0399322487 41781835354.8 0.22493809624
207 1 193.562 9.44151 0.0453 58.1490014905 0.0817450171262 0.525613795429 9.08173554348e+11 0.0678913834366 7.54261986514e+11 13.6905311412 66335889015.5 0.0916630387734
208 1 194.72755 9.30092 0.054 14.754586117 0.133236386465 0.435714375637 95301546365.1 0.144157524167 1.0311323609e+11 1.18575252297 80372206273.2 0.19318296043
209 1 222.11148 34.99806 0.02942 49.5236865277 0.417127479842 0.737962606442 3.36138124351e+12 0.333910302853 2.69078371305e+12 51.1099448932 65767655405.2 0.456748053457
210 1 222.41982 35.6903 0.02901 30.9946203251 0.110026236029 0.630625718091 3.47289726695e+11 0.0771791082335 2.43610182192e+11 9.62536508425 36080680956.5 0.115617520002
211 1 226.85043 34.07611 0.04448 11.0377028979 0.202609937373 0.455927506634 81103795932.1 0.188346915337 75394375932.5 3.07134536872 26406602382.8 0.253445336281
212 1 205.82544 20.31429 0.04966 11.2171895116 0.0916738499579 0.215569017542 37899774313.3 0.189232258228 78232340879.5 0.835411123081 45366614432.3 0.252501959562
213 1 157.96115 20.9256 0.04196 35.6683893527 0.242882602323 0.641661784409 1.01528143217e+12 0.151520356388 6.33375149003e+11 29.9798280152 33865485541.1 0.259791943554
214 1 185.17004 19.10677 0.04501 101.60546053 0.347099318192 2.14438792203 1.17736439149e+13 0.29253256423 9.92273411163e+12 116.965742949 1.00658907626e+11 0.408630943924
215 1 131.42778 19.72571 0.05465 40.886177672 0.159750880383 0.914429306684 8.7744382545e+11 0.18764326979 1.03064488953e+12 11.9078986084 73685866357.2 0.298214520763
216 1 133.66957 20.58361 0.01263 61.9892406506 0.119034555667 1.21073292468 1.50289530197e+12 0.0626504388723 7.91006021069e+11 159.056819971 9448795105.08 0.119482083042
217 1 133.51028 17.34265 0.06678 31.5692348103 0.115209280175 0.566350581176 3.77258134468e+11 0.0501883835372 1.64344190993e+11 5.46603882652 69018561053.3 0.116411333377
218 1 134.14366 16.80949 0.05199 38.104914193 0.179458426453 0.792697565598 8.5614804691e+11 0.093701499839 4.47024738069e+11 11.6385638816 73561313544.9 0.20537551065
219 1 210.28864 21.23789 0.02791 30.9946203255 0.0530344761127 0.688196265782 1.67399425627e+11 0.139378951745 4.39939416334e+11 9.40423401492 17800431737.6 0.190323107051
220 1 188.09499 16.3097 0.05669 8.47939824429 0.172510580548 0.198644178315 40753868643.5 0.0911028454299 21522119883.4 0.522305493157 78026881159.5 0.189320007121
221 1 181.66884 16.47659 0.06231 79.5814602065 0.0574417313483 1.02531303031 1.19529297621e+12 0.0495621181718 1.0313277533e+12 20.6101752518 57995284446.1 0.0684403559907
222 1 166.51729 14.03628 0.06618 10.6696754859 0.152946977135 0.237643509627 57209263697.9 0.0693065819898 25923876361.1 0.526139561517 1.08734008773e+11 0.157232782067
223 1 166.71114 14.45651 0.05186 75.5385949926 0.143245810499 0.825907580758 2.68560893682e+12 0.0611950143358 1.1472997138e+12 46.9477953277 57204154488.5 0.156812774663
224 1 143.68973 13.81601 0.02567 43.0282466671 0.204210337115 0.760401451022 1.24224729694e+12 0.160948535566 9.79078170471e+11 141.756050944 8763275279.36 0.259200479285
225 1 142.25278 12.50369 0.05223 29.2030169208 0.436556325109 0.710660620098 1.22325996975e+12 0.220471763562 6.17776601356e+11 19.2154881965 63660103622.9 0.495856550027
226 1 122.27184 55.44242 0.03129 9.8926312866 0.306908882199 0.343880188753 98686135255.8 0.193693447918 62281865752.6 4.3393642766 22742072102.1 0.314795110586
227 1 194.62871 24.9743 0.07605 66.6321020022 0.251035961575 1.11867779234 3.66206464523e+12 0.223203047088 3.25604340638e+12 29.1465948289 1.25642966759e+11 0.338007009536
228 1 138.93019 15.2197 0.02997 31.2513089347 0.179006019414 0.592127389387 5.74416753795e+11 0.137505106678 4.41243469167e+11 19.2430049858 29850678426.7 0.211443036255
229 1 194.54164 24.34893 0.02261 28.6854977779 0.237371978719 0.470206786112 6.41766835108e+11 0.138977150965 3.75743281952e+11 64.3547416965 9972331769.03 0.250895911105
230 1 333.07242 0.26819 0.04476 45.4876667101 0.230081759503 0.822844730787 1.5642009644e+12 0.0932578941114 6.34009789486e+11 49.9070400864 31342290820.9 0.254284932821
231 1 120.62019 20.51398 0.02863 40.6903146176 0.336376791028 0.872360282389 1.82991601381e+12 0.226270759785 1.2309306047e+12 113.04448437 16187574511.0 0.353601085926
232 1 199.70334 12.3972 0.03679 17.6512750233 0.118716113339 0.374367454893 1.21530384536e+11 0.0816751455111 83611327576.6 4.89243018511 24840494383.7 0.124084702717
233 1 213.15173 -1.03642 0.05383 30.6055510923 0.164091165583 0.705649065113 5.05020080396e+11 0.133702831888 4.114945169e+11 10.6481612061 47427914606.4 0.198492475386
234 1 125.41225 8.3458 0.05233 48.2158994432 0.132375031705 0.861665144962 1.01113620577e+12 0.0334245284716 2.55310616081e+11 20.2136696919 50022396783.0 0.198079831425
235 1 141.74838 20.88351 0.05099 58.7639904102 0.391700238327 1.13538536206 4.44425974184e+12 0.330900180946 3.75441781457e+12 72.2713122561 61494106072.0 0.446271067999
236 1 214.12955 57.81017 0.01044 37.3906317099 0.0723076840395 0.702114494369 3.32149111968e+11 0.0980135325022 4.50230265481e+11 42.656294138 7786637791.2 0.130880349885
237 1 147.4649 10.43199 0.02948 34.9900062309 0.102261853021 0.646630296122 4.11362535891e+11 0.163752762009 6.58718275182e+11 18.7382342681 21953110949.8 0.243273823385
238 1 191.63896 43.74275 0.04053 19.1178622226 0.258315824874 0.598366915081 3.10207794769e+11 0.220277896081 2.64528587875e+11 10.4416460068 29708706325.3 0.300299688009
239 1 187.38191 33.42662 0.03096 53.3483773888 0.144224607231 0.575317917155 1.3486673174e+12 0.0817649977549 7.64597541958e+11 111.856468476 12057124060.6 0.145376879697
240 1 31.68272 13.37163 0.06055 67.6730592721 0.239975958403 0.844367679605 3.61095763823e+12 0.124119170941 1.86764153935e+12 86.7985907266 41601569887.2 0.25907675236
241 1 235.65227 21.12924 0.04731 19.9361053856 0.444264332991 0.550667072176 5.80156454615e+11 0.354734979791 4.63241752536e+11 15.0468758349 38556605436.3 0.4860276193
242 1 236.74536 17.88418 0.01098 36.9608400555 0.0417175591704 0.751374896639 1.87251625458e+11 0.0381980039585 1.7145390269e+11 19.6040047136 9551702735.88 0.0641892150703
243 1 217.10745 17.92437 0.01904 19.7852625735 0.116388875204 0.567538619057 1.49698740535e+11 0.183766959996 2.36360068048e+11 4.43792450586 33731700558.9 0.276418605192
244 1 158.70763 17.45122 0.05572 91.816653272 0.1878479588 1.92767314637 5.20322296553e+12 0.18267640606 5.05997551074e+12 72.9279174439 71347477727.3 0.2745168898
245 1 242.70706 21.05125 0.03793 89.0336815809 0.049120915093 1.75660225362 1.27937585948e+12 0.179670462394 4.67959629442e+12 39.4168563775 32457582289.8 0.249849348964
246 1 219.96739 42.74228 0.00843 35.6683893538 0.0915455190145 0.618728951653 3.82672388927e+11 0.139606367491 5.83573098196e+11 55.3459495723 6914189599.86 0.18747742082
247 1 197.29692 46.31623 0.03543 65.8178298434 0.0920123302972 0.529015585381 1.3096528301e+12 0.0229649052637 3.26869812714e+11 25.1653462606 52041915757.5 0.139060153584
248 1 201.99579 45.75944 0.06053 52.6322593111 0.264524014675 1.15750512534 2.40764343969e+12 0.157083334685 1.42974036102e+12 29.5994124136 81340920084.8 0.297364358806
249 1 201.4399 46.16163 0.0364 25.7890829648 0.166930253824 0.548355103698 3.64779052777e+11 0.102961859906 2.24994144968e+11 14.4766621766 25197731930.6 0.177656474826
250 1 215.92111 47.37185 0.07319 39.3427428078 0.210967767362 0.547064446058 1.07292264931e+12 0.137276360697 6.98148908946e+11 14.0160995078 76549303086.4 0.224094577892
251 1 135.03001 60.0828 0.03901 43.535836033 0.0934797164365 0.828979772211 5.82149062983e+11 0.0992276765781 6.17944738645e+11 17.6085374751 33060614137.1 0.14317600462
252 1 323.75165 -0.51144 0.03016 47.2112913713 0.104168367723 0.569309527616 7.62870212684e+11 0.23454539385 1.71767781718e+12 37.7639058954 20201041036.3 0.31520323001
253 1 245.924 24.17179 0.04306 60.0748726504 0.337428821945 0.856898557686 4.0012061924e+12 0.205393544445 2.43554156747e+12 73.3157577183 54574982472.0 0.399486278384
254 1 156.54637 32.099 0.03682 123.631642543 0.133745096668 2.59438386508 6.71676550185e+12 0.164166920522 8.24456922743e+12 77.0247365278 87202706619.2 0.243057123194
255 1 162.11717 38.29405 0.03322 15.5455634508 0.147668431914 0.282002229918 1.17252912044e+11 0.0758699588073 60242893430.3 4.0496315074 28953970708.1 0.163056609315
256 1 171.13338 39.78687 0.06085 46.7222623328 0.2294950136 0.878153151867 1.64605377732e+12 0.196614155196 1.41021570691e+12 26.0442693449 63202148446.7 0.328705813318
257 1 165.92978 29.24232 0.06567 40.072072731 0.181719754395 0.849925415903 9.58757543322e+11 0.170928410173 9.01822166591e+11 15.4034189687 62243164668.0 0.227914172144
258 1 166.43266 35.88401 0.06827 75.4062799579 0.261313999342 1.50082247829 4.88203341824e+12 0.223757977913 4.18038807151e+12 92.7531876895 52634669921.9 0.343112690626
259 1 145.45628 25.06359 0.05059 17.1345400089 0.124316774746 0.434266665218 1.19921671468e+11 0.0287422207255 27726066398.7 1.53908894849 77917310487.6 0.218290590678
260 1 185.04713 27.68005 0.07976 59.0690838449 0.155251519689 1.0510855308 1.77983346796e+12 0.144007036507 1.65092453658e+12 12.7433219977 1.39667934961e+11 0.20701478332
261 1 247.37737 13.08343 0.03274 49.9853154711 0.0973618904176 0.760565436488 7.99276255652e+11 0.0688836615896 5.65488969809e+11 34.6715638487 23052789286.9 0.127201273281
262 1 245.76239 26.53823 0.03969 51.0136021016 0.0752374166656 0.97128205021 6.43322728176e+11 0.0414687322383 3.5458125943e+11 27.0132714689 23815061752.8 0.0756067453785
263 1 229.25235 15.56642 0.0481 25.711521637 0.0561473535958 0.539580226691 1.2195732476e+11 0.0622709567913 1.35258365963e+11 1.35568881037 89959674983.8 0.0830590159845
264 1 199.06123 41.49446 0.02075 31.8212885886 0.045625557943 0.673347030941 1.5179824541e+11 0.037915387225 1.26146167066e+11 7.28730088943 20830517047.8 0.0509469945242
265 1 223.59264 27.70133 0.03365 25.9049895395 0.214602159471 0.39569033157 4.73177373443e+11 0.255523835628 5.63405781623e+11 17.4044609698 27187131751.1 0.340750054005
266 1 188.54619 21.5423 0.04548 22.7438333545 0.0421304875406 0.466455567778 71605577709.7 0.0960323737164 1.63217992485e+11 2.69359772718 26583619739.2 0.129312757949
267 1 220.73824 17.6367 0.05602 40.6903146182 0.208846083687 0.901317517621 1.13613900591e+12 0.163718594893 8.90641942464e+11 23.2649676133 48834755534.5 0.22803358543
268 1 143.31831 23.13489 0.02559 33.0527383522 0.177414473866 0.791753103435 6.36835079317e+11 0.174889128856 6.27770270483e+11 33.8247953107 18827462914.9 0.273702903867
269 1 147.10414 22.36251 0.03421 21.9392766152 0.153335109441 0.494346941611 2.42498610298e+11 0.149316916052 2.36143860128e+11 8.90902240167 27219441075.0 0.200710962019
270 1 113.63372 41.21525 0.0428 99.1984905312 0.0332247686688 2.07558071259 1.07422469519e+12 0.0207953511247 6.72356215509e+11 33.6717681921 31902829963.1 0.0404738611582
271 1 162.00438 28.24637 0.02113 40.3947394119 0.149153371909 0.758833411846 7.9966066993e+11 0.111546839032 5.98039580917e+11 21.9825694602 36377033693.9 0.177620691504
272 1 222.88867 45.43847 0.03743 66.2412945139 0.0857316646268 1.0562739186 1.2360098089e+12 0.16320552223 2.35296523427e+12 48.1010858585 25696089533.9 0.221835252408
273 1 175.75854 23.94442 0.02301 61.9892406507 0.159477909117 1.23104312147 2.01352119171e+12 0.106056686354 1.33904053971e+12 76.8567281986 26198372464.0 0.173665918648
274 1 143.51845 17.83192 0.02741 41.6364453474 0.147590173505 0.875563163696 8.40674302979e+11 0.155331509193 8.84768986448e+11 27.9038345014 30127554796.7 0.207489204888
275 1 208.29166 17.33249 0.02578 26.8514277787 0.177378927025 0.433395216415 4.20203658645e+11 0.224080876547 5.3083872891e+11 11.8458367331 35472686996.5 0.317646246137
276 1 210.44214 18.80771 0.02759 58.0458698668 0.107805565148 1.15767956911 1.19345725042e+12 0.0772474282582 8.55164603089e+11 85.6110824649 13940452755.1 0.118609605101
277 1 178.22441 21.83545 0.03824 83.1648920884 0.0876186078491 1.44463996202 1.99112921236e+12 0.0581036724927 1.32040353625e+12 56.4675563182 35261472997.7 0.10561980242
278 1 220.80933 16.48832 0.03694 59.5741008753 0.0906422556975 1.16290886846 1.05698478676e+12 0.0741857456437 8.65084434808e+11 21.8161159307 48449723595.0 0.105666793282
279 1 229.82886 13.12608 0.0345 51.8870199823 0.353949084289 1.14967422476 3.13098717939e+12 0.216906974324 1.91873064763e+12 150.802195744 20762212141.2 0.36645015678
280 1 128.4171 9.96369 0.03076 26.173442197 0.0922366200261 0.498823533827 2.07609921428e+11 0.0488406035874 1.09932409388e+11 5.09407042306 40755212273.4 0.097679964009
281 1 130.64561 10.58484 0.00687 21.1984956145 0.17482642051 0.626017629746 2.58131014226e+11 0.222570149383 3.28624576473e+11 219.4377028 1176329367.89 0.303964907491
282 1 201.33423 18.4527 0.02211 35.5562243296 0.189003057514 0.889397345638 7.85096685483e+11 0.224993387431 9.34596323739e+11 24.9787492489 31430584360.3 0.355854039596
283 1 228.95038 18.37858 0.03813 46.2064533852 0.132756409898 0.906916724038 9.31287574646e+11 0.116666156925 8.184142853e+11 18.5840057587 50112316297.0 0.160269548625
284 1 250.80605 25.33955 0.05526 64.5926351456 0.167769276354 0.784248708672 2.29986039908e+12 0.142756129927 1.95696838587e+12 39.9746740949 57532936819.6 0.190727408715
285 1 135.79688 10.15199 0.02963 31.1873348476 0.117720636195 0.249796611913 3.76211585602e+11 0.143967342058 4.60090802947e+11 13.5981366917 27666407106.5 0.212508575733
286 1 194.69481 32.19212 0.05222 96.7109972151 0.0750072596551 2.03240909473 2.30503784848e+12 0.0625357586429 1.92177785481e+12 31.7956483056 72495387618.0 0.083409313947
287 1 208.91518 20.74351 0.0754 39.5705251471 0.247077766233 0.932783855769 1.27116033571e+12 0.218697064613 1.12514791724e+12 13.9393956173 91191926150.4 0.358479673535
288 1 208.5295 21.97492 0.06311 47.2112913704 0.218915067453 0.664308941634 1.60321014633e+12 0.118646423717 8.68899306669e+11 10.7244311019 1.49491393165e+11 0.2206317696
289 1 234.76411 13.63668 0.04987 65.1774743674 0.297323631372 1.41768712413 4.14999451145e+12 0.213749723621 2.98348360592e+12 60.8178710575 68236431813.3 0.362467387278
290 1 230.40024 14.38443 0.02472 45.1571634215 0.189160450399 0.88543341498 1.26737952166e+12 0.134057197069 8.98186412326e+11 152.92373757 8287657245.38 0.212625725734
291 1 38.70184 -7.68359 0.02199 44.060245738 0.0676101290926 1.01870052211 4.31249529338e+11 0.194566396769 1.24103692979e+12 13.5020266161 31939614814.8 0.269121768751
292 1 128.16814 19.5114 0.0211 24.640560037 0.292295961229 0.550253300186 5.83105317899e+11 0.216984465515 4.32865357466e+11 85.4087350673 6827232805.17 0.321562513763
293 1 126.5689 17.36244 0.06586 30.211471761 0.234374579527 0.605060259634 7.02873727049e+11 0.109804684575 3.29296923115e+11 5.76458469398 1.21929638363e+11 0.241677032678
294 1 192.89366 5.86355 0.0486 84.4517605492 0.142392269293 1.79608059899 3.33677455886e+12 0.130524040893 3.05865831856e+12 56.2525039084 59317796134.0 0.174876236019
295 1 162.97377 10.09928 0.02639 50.5416079714 0.0733509397476 0.559344640221 6.1564000174e+11 0.0614497123478 5.1575209734e+11 34.6051483266 17790416499.0 0.0820651100753
296 1 155.25168 27.23781 0.03826 47.7789826063 0.193497135134 1.05219304089 1.45134738164e+12 0.150830281942 1.13131977182e+12 48.0965950015 30175678373.7 0.242529852694
297 1 126.52253 13.00934 0.04434 27.0736502804 0.0903813638132 0.682143977091 2.17668487042e+11 0.0180428588808 43453225629.7 5.32186777856 40900769447.8 0.255350602622
298 1 177.89725 17.9306 0.03786 36.8255014832 0.124752619701 0.331588935201 5.55865925292e+11 0.0540937376837 2.4102792889e+11 17.543851041 31684373288.0 0.134122696318
299 1 139.15112 25.30267 0.04278 19.0131060249 0.0977239433911 0.420486578538 1.16072720196e+11 0.0228404573409 27129011807.1 2.9395473737 39486596213.7 0.167878600774
300 1 241.39937 16.52621 0.01554 14.1323304097 0.502465252871 0.546073182019 3.29728614901e+11 0.222202447836 1.45814073578e+11 69.2522454583 4761269655.86 0.541493393399
301 1 209.32874 15.45842 0.0183 96.7109972151 0.0640076946008 2.02786363375 1.96701171763e+12 0.150361002533 4.62072342553e+12 50.5207596317 38934721725.6 0.214849135347
302 1 138.35658 17.12411 0.05602 12.9524947682 0.115159866747 0.44384439322 63479141349.9 0.0247906831882 13665275297.0 1.86401820381 34055000761.3 0.243212937953
303 1 49.84565 0.82344 0.03374 49.1390700193 0.0394817724111 1.009400461 3.13237353199e+11 0.223036295356 1.76950766286e+12 16.0793950765 19480667755.8 0.298237908107
304 1 129.47226 12.78053 0.02998 33.4133243499 0.096023912796 0.736744036078 3.52242545229e+11 0.0204607962408 75055918212.6 13.4006258351 26285529464.4 0.209912206193
305 1 226.67404 23.64192 0.01622 10.1909683873 0.242331383323 0.262160223508 82692021546.5 0.152492740246 52035905499.2 3.03837792606 27215844624.6 0.27156965231
306 1 202.44556 6.46521 0.05399 56.7409106065 0.352480585719 0.763569378801 3.72864333695e+12 0.158660592844 1.67835842969e+12 69.0944330693 53964453738.5 0.392793527774
307 1 165.87407 16.37011 0.04662 36.8255014832 0.264103709202 0.618861235695 1.17677891687e+12 0.154430019266 6.88100865201e+11 13.5004337057 87166008331.4 0.279599213791
308 1 127.0458 10.54067 0.03073 54.3130298062 0.23203570003 0.950445399046 2.24898162997e+12 0.143108095967 1.38706017603e+12 97.7812675851 23000127585.9 0.263398190467
309 1 179.36128 7.46093 0.03209 26.4013719759 0.432311202247 0.686796907954 9.9008508978e+11 0.222686801917 5.10000391205e+11 21.9073637647 45194168518.6 0.475346045715
310 1 130.64226 11.69929 0.07742 51.7135165503 0.121457972523 0.375776285596 1.06722799337e+12 0.0936608772192 8.22980229091e+11 6.88786396078 1.54943245025e+11 0.141877714076
311 1 219.59496 18.11122 0.03032 17.1345400094 0.176336537691 0.535082924438 1.70102324365e+11 0.195090925185 1.88193668033e+11 6.65032034658 25578064739.7 0.309083141368
312 1 246.78293 9.09593 0.04615 87.025784488 0.323009814195 1.45610480729 8.03775289687e+12 0.188699285843 4.69557940584e+12 262.787659433 30586492966.2 0.344088776607
313 1 223.7484 18.03734 0.02023 20.9139391447 0.228619807538 0.635196367659 3.28555372902e+11 0.216249011962 3.10776986167e+11 9.07692516184 36196770056.4 0.313879126971
314 1 219.30681 19.42194 0.02987 53.310926786 0.196146032447 0.885609326009 1.8316185444e+12 0.21210820534 1.98067387586e+12 98.4311128759 18608125935.9 0.310842046563
315 1 175.66438 24.82252 0.02098 50.3039501908 0.220824518548 0.803488652173 1.83600775446e+12 0.0591640824293 4.91909661299e+11 78.2035558533 23477292489.1 0.299132811427
